8540 7278
8540.002 7276
8540.004 7274
8540.006 7272
8540.008 7269
8540.01 7265
8540.012 7262
8540.014 7259
8540.016 7256
8540.018 7253
8540.02 7249
8540.022 7246
8540.024 7243
8540.026 7241
8540.028 7239
8540.03 7236
8540.032 7232
8540.034 7229
8540.036 7226
8540.038 7223
8540.04 7220
8540.042 7218
8540.044 7215
8540.046 7212
8540.048 7209
8540.05 7206
8540.052 7203
8540.054 7201
8540.056 7199
8540.058 7195
8540.06 7192
8540.062 7191
8540.064 7189
8540.066 7186
8540.068 7183
8540.07 7181
8540.072 7179
8540.074 7178
8540.076 7176
8540.078 7174
8540.08 7172
8540.082 7171
8540.084 7168
8540.086 7165
8540.088 7163
8540.09 7161
8540.092 7160
8540.094 7158
8540.096 7156
8540.098 7155
8540.1 7154
8540.102 7154
8540.104 7153
8540.106 7152
8540.108 7150
8540.11 7149
8540.112 7147
8540.114 7146
8540.116 7144
8540.118 7142
8540.12 7140
8540.122 7138
8540.124 7137
8540.126 7136
8540.128 7134
8540.13 7132
8540.132 7131
8540.134 7130
8540.136 7129
8540.138 7128
8540.14 7126
8540.142 7124
8540.144 7121
8540.146 7119
8540.148 7117
8540.15 7115
8540.152 7113
8540.154 7111
8540.156 7110
8540.158 7109
8540.16 7107
8540.162 7105
8540.164 7103
8540.166 7100
8540.168 7097
8540.17 7095
8540.172 7093
8540.174 7091
8540.176 7090
8540.178 7087
8540.18 7084
8540.182 7082
8540.184 7080
8540.186 7079
8540.188 7077
8540.19 7075
8540.192 7073
8540.194 7070
8540.196 7067
8540.198 7066
8540.2 7064
8540.202 7062
8540.204 7060
8540.206 7056
8540.208 7054
8540.21 7052
8540.212 7050
8540.214 7050
8540.216 7048
8540.218 7046
8540.22 7043
8540.222 7040
8540.224 7038
8540.226 7037
8540.228 7033
8540.23 7030
8540.232 7028
8540.234 7027
8540.236 7023
8540.238 7020
8540.24 7018
8540.242 7016
8540.244 7012
8540.246 7009
8540.248 7007
8540.25 7005
8540.252 7002
8540.254 6999
8540.256 6996
8540.258 6993
8540.26 6991
8540.262 6989
8540.264 6986
8540.266 6982
8540.268 6979
8540.27 6976
8540.272 6974
8540.274 6972
8540.276 6969
8540.278 6965
8540.28 6961
8540.282 6959
8540.284 6957
8540.286 6955
8540.288 6952
8540.29 6948
8540.292 6945
8540.294 6942
8540.296 6939
8540.298 6937
8540.3 6935
8540.302 6932
8540.304 6929
8540.306 6925
8540.308 6922
8540.31 6919
8540.312 6916
8540.314 6914
8540.316 6911
8540.318 6908
8540.32 6905
8540.322 6902
8540.324 6899
8540.326 6897
8540.328 6894
8540.33 6891
8540.332 6888
8540.334 6885
8540.336 6883
8540.338 6881
8540.34 6878
8540.342 6875
8540.344 6873
8540.346 6871
8540.348 6868
8540.35 6865
8540.352 6863
8540.354 6861
8540.356 6859
8540.358 6858
8540.36 6854
8540.362 6851
8540.364 6849
8540.366 6848
8540.368 6845
8540.37 6842
8540.372 6840
8540.374 6838
8540.376 6835
8540.378 6832
8540.38 6830
8540.382 6828
8540.384 6825
8540.386 6822
8540.388 6819
8540.39 6816
8540.392 6814
8540.394 6811
8540.396 6809
8540.398 6805
8540.4 6801
8540.402 6798
8540.404 6795
8540.406 6793
8540.408 6791
8540.41 6788
8540.412 6784
8540.414 6781
8540.416 6778
8540.418 6774
8540.42 6771
8540.422 6768
8540.424 6765
8540.426 6763
8540.428 6760
8540.43 6757
8540.432 6754
8540.434 6751
8540.436 6747
8540.438 6744
8540.44 6741
8540.442 6740
8540.444 6738
8540.446 6734
8540.448 6731
8540.45 6728
8540.452 6726
8540.454 6724
8540.456 6721
8540.458 6717
8540.46 6714
8540.462 6711
8540.464 6709
8540.466 6707
8540.468 6704
8540.47 6700
8540.472 6697
8540.474 6694
8540.476 6692
8540.478 6690
8540.48 6687
8540.482 6683
8540.484 6680
8540.486 6677
8540.488 6674
8540.49 6671
8540.492 6668
8540.494 6666
8540.496 6663
8540.498 6660
8540.5 6656
8540.502 6653
8540.504 6650
8540.506 6647
8540.508 6643
8540.51 6640
8540.512 6637
8540.514 6633
8540.516 6630
8540.518 6627
8540.52 6624
8540.522 6621
8540.524 6619
8540.526 6616
8540.528 6613
8540.53 6610
8540.532 6607
8540.534 6603
8540.536 6600
8540.538 6596
8540.54 6593
8540.542 6591
8540.544 6589
8540.546 6586
8540.548 6583
8540.55 6580
8540.552 6577
8540.554 6573
8540.556 6569
8540.558 6566
8540.56 6562
8540.562 6559
8540.564 6556
8540.566 6553
8540.568 6549
8540.57 6546
8540.572 6543
8540.574 6541
8540.576 6538
8540.578 6535
8540.58 6533
8540.582 6529
8540.584 6526
8540.586 6523
8540.588 6519
8540.59 6516
8540.592 6513
8540.594 6510
8540.596 6506
8540.598 6503
8540.6 6500
8540.602 6496
8540.604 6493
8540.606 6489
8540.608 6485
8540.61 6482
8540.612 6478
8540.614 6475
8540.616 6472
8540.618 6469
8540.62 6466
8540.622 6462
8540.624 6460
8540.626 6458
8540.628 6455
8540.63 6451
8540.632 6448
8540.634 6445
8540.636 6443
8540.638 6440
8540.64 6436
8540.642 6433
8540.644 6430
8540.646 6427
8540.648 6424
8540.65 6420
8540.652 6417
8540.654 6413
8540.656 6410
8540.658 6406
8540.66 6403
8540.662 6399
8540.664 6396
8540.666 6391
8540.668 6387
8540.67 6383
8540.672 6379
8540.674 6376
8540.676 6373
8540.678 6368
8540.68 6363
8540.682 6359
8540.684 6355
8540.686 6352
8540.688 6348
8540.69 6344
8540.692 6339
8540.694 6336
8540.696 6332
8540.698 6328
8540.7 6323
8540.702 6320
8540.704 6316
8540.706 6311
8540.708 6306
8540.71 6302
8540.712 6298
8540.714 6293
8540.716 6288
8540.718 6283
8540.72 6279
8540.722 6276
8540.724 6271
8540.726 6266
8540.728 6261
8540.73 6255
8540.732 6251
8540.734 6246
8540.736 6242
8540.738 6238
8540.74 6233
8540.742 6228
8540.744 6224
8540.746 6219
8540.748 6214
8540.75 6209
8540.752 6204
8540.754 6199
8540.756 6193
8540.758 6188
8540.76 6184
8540.762 6179
8540.764 6174
8540.766 6169
8540.768 6163
8540.77 6158
8540.772 6153
8540.774 6149
8540.776 6145
8540.778 6141
8540.78 6136
8540.782 6132
8540.784 6129
8540.786 6125
8540.788 6122
8540.79 6119
8540.792 6115
8540.794 6112
8540.796 6109
8540.798 6106
8540.8 6103
8540.802 6100
8540.804 6098
8540.806 6097
8540.808 6096
8540.81 6094
8540.812 6092
8540.814 6090
8540.816 6088
8540.818 6088
8540.82 6088
8540.822 6086
8540.824 6085
8540.826 6086
8540.828 6086
8540.83 6085
8540.832 6085
8540.834 6084
8540.836 6083
8540.838 6082
8540.84 6082
8540.842 6083
8540.844 6083
8540.846 6082
8540.848 6081
8540.85 6080
8540.852 6080
8540.854 6080
8540.856 6079
8540.858 6077
8540.86 6077
8540.862 6077
8540.864 6075
8540.866 6073
8540.868 6071
8540.87 6070
8540.872 6069
8540.874 6067
8540.876 6065
8540.878 6063
8540.88 6061
8540.882 6059
8540.884 6058
8540.886 6057
8540.888 6055
8540.89 6052
8540.892 6049
8540.894 6046
8540.896 6045
8540.898 6043
8540.9 6039
8540.902 6037
8540.904 6035
8540.906 6033
8540.908 6029
8540.91 6027
8540.912 6026
8540.914 6023
8540.916 6021
8540.918 6019
8540.92 6017
8540.922 6014
8540.924 6011
8540.926 6008
8540.928 6006
8540.93 6004
8540.932 6003
8540.934 6000
8540.936 5996
8540.938 5995
8540.94 5993
8540.942 5990
8540.944 5987
8540.946 5985
8540.948 5983
8540.95 5981
8540.952 5979
8540.954 5976
8540.956 5973
8540.958 5971
8540.96 5969
8540.962 5966
8540.964 5963
8540.966 5959
8540.968 5956
8540.97 5954
8540.972 5952
8540.974 5949
8540.976 5945
8540.978 5942
8540.98 5938
8540.982 5935
8540.984 5932
8540.986 5929
8540.988 5925
8540.99 5922
8540.992 5920
8540.994 5918
8540.996 5915
8540.998 5912
8541 5908
8541.002 5905
8541.004 5902
8541.006 5898
8541.008 5895
8541.01 5892
8541.012 5889
8541.014 5886
8541.016 5882
8541.018 5879
8541.02 5875
8541.022 5872
8541.024 5868
8541.026 5864
8541.028 5861
8541.03 5858
8541.032 5855
8541.034 5852
8541.036 5848
8541.038 5845
8541.04 5841
8541.042 5838
8541.044 5835
8541.046 5832
8541.048 5830
8541.05 5827
8541.052 5824
8541.054 5820
8541.056 5817
8541.058 5814
8541.06 5811
8541.062 5808
8541.064 5804
8541.066 5801
8541.068 5797
8541.07 5794
8541.072 5791
8541.074 5787
8541.076 5784
8541.078 5780
8541.08 5777
8541.082 5772
8541.084 5768
8541.086 5764
8541.088 5761
8541.09 5758
8541.092 5754
8541.094 5751
8541.096 5747
8541.098 5743
8541.1 5740
8541.102 5736
8541.104 5733
8541.106 5730
8541.108 5726
8541.11 5723
8541.112 5720
8541.114 5717
8541.116 5713
8541.118 5711
8541.12 5708
8541.122 5704
8541.124 5701
8541.126 5697
8541.128 5694
8541.13 5691
8541.132 5687
8541.134 5683
8541.136 5680
8541.138 5676
8541.14 5673
8541.142 5669
8541.144 5666
8541.146 5663
8541.148 5659
8541.15 5656
8541.152 5652
8541.154 5649
8541.156 5646
8541.158 5642
8541.16 5639
8541.162 5635
8541.164 5632
8541.166 5629
8541.168 5626
8541.17 5623
8541.172 5619
8541.174 5616
8541.176 5612
8541.178 5610
8541.18 5608
8541.182 5604
8541.184 5601
8541.186 5598
8541.188 5594
8541.19 5590
8541.192 5587
8541.194 5583
8541.196 5580
8541.198 5577
8541.2 5574
8541.202 5570
8541.204 5567
8541.206 5565
8541.208 5563
8541.21 5560
8541.212 5557
8541.214 5553
8541.216 5550
8541.218 5546
8541.22 5542
8541.222 5539
8541.224 5536
8541.226 5533
8541.228 5529
8541.23 5526
8541.232 5523
8541.234 5519
8541.236 5516
8541.238 5512
8541.24 5510
8541.242 5508
8541.244 5505
8541.246 5500
8541.248 5496
8541.25 5493
8541.252 5490
8541.254 5486
8541.256 5483
8541.258 5479
8541.26 5475
8541.262 5472
8541.264 5469
8541.266 5466
8541.268 5463
8541.27 5459
8541.272 5455
8541.274 5451
8541.276 5447
8541.278 5442
8541.28 5438
8541.282 5435
8541.284 5431
8541.286 5428
8541.288 5425
8541.29 5422
8541.292 5418
8541.294 5415
8541.296 5411
8541.298 5407
8541.3 5404
8541.302 5402
8541.304 5398
8541.306 5395
8541.308 5391
8541.31 5388
8541.312 5385
8541.314 5380
8541.316 5375
8541.318 5372
8541.32 5368
8541.322 5365
8541.324 5362
8541.326 5358
8541.328 5354
8541.33 5351
8541.332 5347
8541.334 5344
8541.336 5341
8541.338 5337
8541.34 5333
8541.342 5328
8541.344 5324
8541.346 5321
8541.348 5317
8541.35 5314
8541.352 5309
8541.354 5305
8541.356 5301
8541.358 5298
8541.36 5295
8541.362 5291
8541.364 5286
8541.366 5282
8541.368 5278
8541.37 5274
8541.372 5271
8541.374 5268
8541.376 5264
8541.378 5260
8541.38 5256
8541.382 5251
8541.384 5247
8541.386 5243
8541.388 5240
8541.39 5237
8541.392 5234
8541.394 5230
8541.396 5226
8541.398 5223
8541.4 5219
8541.402 5216
8541.404 5211
8541.406 5206
8541.408 5203
8541.41 5199
8541.412 5197
8541.414 5195
8541.416 5191
8541.418 5187
8541.42 5182
8541.422 5178
8541.424 5174
8541.426 5171
8541.428 5168
8541.43 5164
8541.432 5160
8541.434 5156
8541.436 5151
8541.438 5147
8541.44 5143
8541.442 5140
8541.444 5136
8541.446 5132
8541.448 5127
8541.45 5124
8541.452 5120
8541.454 5117
8541.456 5113
8541.458 5108
8541.46 5103
8541.462 5100
8541.464 5096
8541.466 5092
8541.468 5087
8541.47 5084
8541.472 5080
8541.474 5075
8541.476 5071
8541.478 5067
8541.48 5063
8541.482 5058
8541.484 5054
8541.486 5050
8541.488 5046
8541.49 5041
8541.492 5037
8541.494 5033
8541.496 5029
8541.498 5024
8541.5 5020
8541.502 5016
8541.504 5012
8541.506 5007
8541.508 5002
8541.51 4999
8541.512 4994
8541.514 4990
8541.516 4986
8541.518 4983
8541.52 4978
8541.522 4972
8541.524 4968
8541.526 4963
8541.528 4960
8541.53 4956
8541.532 4951
8541.534 4946
8541.536 4943
8541.538 4939
8541.54 4933
8541.542 4928
8541.544 4925
8541.546 4921
8541.548 4916
8541.55 4911
8541.552 4908
8541.554 4904
8541.556 4899
8541.558 4895
8541.56 4891
8541.562 4888
8541.564 4883
8541.566 4879
8541.568 4875
8541.57 4870
8541.572 4865
8541.574 4862
8541.576 4858
8541.578 4853
8541.58 4848
8541.582 4843
8541.584 4839
8541.586 4835
8541.588 4831
8541.59 4826
8541.592 4822
8541.594 4816
8541.596 4811
8541.598 4805
8541.6 4800
8541.602 4795
8541.604 4790
8541.606 4785
8541.608 4781
8541.61 4777
8541.612 4772
8541.614 4766
8541.616 4762
8541.618 4757
8541.62 4752
8541.622 4747
8541.624 4741
8541.626 4736
8541.628 4730
8541.63 4723
8541.632 4718
8541.634 4713
8541.636 4707
8541.638 4702
8541.64 4697
8541.642 4692
8541.644 4687
8541.646 4683
8541.648 4677
8541.65 4672
8541.652 4665
8541.654 4659
8541.656 4654
8541.658 4648
8541.66 4643
8541.662 4638
8541.664 4632
8541.666 4625
8541.668 4619
8541.67 4614
8541.672 4609
8541.674 4603
8541.676 4596
8541.678 4590
8541.68 4583
8541.682 4578
8541.684 4573
8541.686 4567
8541.688 4560
8541.69 4554
8541.692 4549
8541.694 4542
8541.696 4536
8541.698 4528
8541.7 4520
8541.702 4512
8541.704 4505
8541.706 4498
8541.708 4491
8541.71 4483
8541.712 4475
8541.714 4468
8541.716 4461
8541.718 4453
8541.72 4445
8541.722 4436
8541.724 4427
8541.726 4419
8541.728 4411
8541.73 4402
8541.732 4394
8541.734 4387
8541.736 4379
8541.738 4372
8541.74 4364
8541.742 4355
8541.744 4346
8541.746 4336
8541.748 4327
8541.75 4318
8541.752 4310
8541.754 4301
8541.756 4292
8541.758 4282
8541.76 4273
8541.762 4265
8541.764 4255
8541.766 4244
8541.768 4234
8541.77 4224
8541.772 4215
8541.774 4206
8541.776 4196
8541.778 4186
8541.78 4175
8541.782 4166
8541.784 4156
8541.786 4145
8541.788 4134
8541.79 4122
8541.792 4112
8541.794 4101
8541.796 4091
8541.798 4080
8541.8 4068
8541.802 4057
8541.804 4046
8541.806 4034
8541.808 4022
8541.81 4010
8541.812 3998
8541.814 3986
8541.816 3974
8541.818 3962
8541.82 3950
8541.822 3939
8541.824 3927
8541.826 3914
8541.828 3901
8541.83 3888
8541.832 3876
8541.834 3862
8541.836 3850
8541.838 3836
8541.84 3822
8541.842 3808
8541.844 3795
8541.846 3781
8541.848 3767
8541.85 3753
8541.852 3738
8541.854 3722
8541.856 3706
8541.858 3691
8541.86 3676
8541.862 3659
8541.864 3643
8541.866 3627
8541.868 3611
8541.87 3594
8541.872 3578
8541.874 3563
8541.876 3548
8541.878 3533
8541.88 3517
8541.882 3500
8541.884 3484
8541.886 3468
8541.888 3452
8541.89 3438
8541.892 3421
8541.894 3405
8541.896 3388
8541.898 3370
8541.9 3352
8541.902 3334
8541.904 3316
8541.906 3299
8541.908 3280
8541.91 3261
8541.912 3242
8541.914 3222
8541.916 3202
8541.918 3183
8541.92 3163
8541.922 3142
8541.924 3123
8541.926 3104
8541.928 3084
8541.93 3065
8541.932 3044
8541.934 3024
8541.936 3004
8541.938 2983
8541.94 2963
8541.942 2942
8541.944 2922
8541.946 2902
8541.948 2881
8541.95 2860
8541.952 2838
8541.954 2818
8541.956 2797
8541.958 2776
8541.96 2755
8541.962 2733
8541.964 2712
8541.966 2692
8541.968 2672
8541.97 2650
8541.972 2628
8541.974 2608
8541.976 2587
8541.978 2566
8541.98 2545
8541.982 2523
8541.984 2503
8541.986 2482
8541.988 2461
8541.99 2440
8541.992 2420
8541.994 2400
8541.996 2381
8541.998 2361
8542 2342
8542.002 2323
8542.004 2305
8542.006 2287
8542.008 2270
8542.01 2253
8542.012 2236
8542.014 2219
8542.016 2202
8542.018 2185
8542.02 2170
8542.022 2156
8542.024 2141
8542.026 2126
8542.028 2112
8542.03 2099
8542.032 2087
8542.034 2075
8542.036 2062
8542.038 2048
8542.04 2038
8542.042 2028
8542.044 2016
8542.046 2005
8542.048 1994
8542.05 1984
8542.052 1974
8542.054 1964
8542.056 1955
8542.058 1946
8542.06 1938
8542.062 1929
8542.064 1921
8542.066 1913
8542.068 1907
8542.07 1902
8542.072 1898
8542.074 1893
8542.076 1887
8542.078 1881
8542.08 1875
8542.082 1870
8542.084 1866
8542.086 1861
8542.088 1856
8542.09 1852
8542.092 1848
8542.094 1845
8542.096 1841
8542.098 1838
8542.1 1835
8542.102 1833
8542.104 1831
8542.106 1829
8542.108 1828
8542.11 1827
8542.112 1825
8542.114 1823
8542.116 1822
8542.118 1822
8542.12 1821
8542.122 1822
8542.124 1823
8542.126 1825
8542.128 1826
8542.13 1826
8542.132 1826
8542.134 1828
8542.136 1829
8542.138 1831
8542.14 1834
8542.142 1837
8542.144 1839
8542.146 1841
8542.148 1844
8542.15 1848
8542.152 1852
8542.154 1855
8542.156 1859
8542.158 1862
8542.16 1866
8542.162 1869
8542.164 1873
8542.166 1877
8542.168 1883
8542.17 1889
8542.172 1894
8542.174 1899
8542.176 1904
8542.178 1909
8542.18 1915
8542.182 1921
8542.184 1925
8542.186 1929
8542.188 1936
8542.19 1944
8542.192 1952
8542.194 1960
8542.196 1966
8542.198 1974
8542.2 1983
8542.202 1991
8542.204 2000
8542.206 2008
8542.208 2016
8542.21 2025
8542.212 2034
8542.214 2043
8542.216 2051
8542.218 2061
8542.22 2071
8542.222 2080
8542.224 2089
8542.226 2099
8542.228 2110
8542.23 2120
8542.232 2132
8542.234 2143
8542.236 2153
8542.238 2164
8542.24 2174
8542.242 2186
8542.244 2198
8542.246 2210
8542.248 2221
8542.25 2233
8542.252 2245
8542.254 2257
8542.256 2270
8542.258 2284
8542.26 2296
8542.262 2308
8542.264 2320
8542.266 2333
8542.268 2347
8542.27 2361
8542.272 2375
8542.274 2388
8542.276 2403
8542.278 2418
8542.28 2432
8542.282 2446
8542.284 2461
8542.286 2477
8542.288 2493
8542.29 2508
8542.292 2523
8542.294 2538
8542.296 2555
8542.298 2572
8542.3 2591
8542.302 2610
8542.304 2626
8542.306 2644
8542.308 2665
8542.31 2685
8542.312 2707
8542.314 2728
8542.316 2750
8542.318 2773
8542.32 2797
8542.322 2822
8542.324 2847
8542.326 2873
8542.328 2899
8542.33 2925
8542.332 2949
8542.334 2977
8542.336 3004
8542.338 3032
8542.34 3058
8542.342 3086
8542.344 3114
8542.346 3141
8542.348 3170
8542.35 3201
8542.352 3232
8542.354 3260
8542.356 3289
8542.358 3320
8542.36 3349
8542.362 3379
8542.364 3409
8542.366 3439
8542.368 3469
8542.37 3498
8542.372 3527
8542.374 3552
8542.376 3580
8542.378 3607
8542.38 3634
8542.382 3659
8542.384 3685
8542.386 3709
8542.388 3733
8542.39 3757
8542.392 3780
8542.394 3802
8542.396 3824
8542.398 3844
8542.4 3864
8542.402 3884
8542.404 3903
8542.406 3922
8542.408 3941
8542.41 3960
8542.412 3976
8542.414 3993
8542.416 4010
8542.418 4028
8542.42 4044
8542.422 4059
8542.424 4074
8542.426 4089
8542.428 4104
8542.43 4119
8542.432 4133
8542.434 4148
8542.436 4161
8542.438 4174
8542.44 4187
8542.442 4200
8542.444 4212
8542.446 4225
8542.448 4237
8542.45 4249
8542.452 4261
8542.454 4272
8542.456 4284
8542.458 4296
8542.46 4308
8542.462 4319
8542.464 4329
8542.466 4340
8542.468 4351
8542.47 4361
8542.472 4371
8542.474 4380
8542.476 4390
8542.478 4400
8542.48 4411
8542.482 4420
8542.484 4428
8542.486 4438
8542.488 4448
8542.49 4457
8542.492 4465
8542.494 4474
8542.496 4482
8542.498 4491
8542.5 4500
8542.502 4508
8542.504 4516
8542.506 4525
8542.508 4534
8542.51 4542
8542.512 4550
8542.514 4558
8542.516 4565
8542.518 4572
8542.52 4579
8542.522 4586
8542.524 4594
8542.526 4601
8542.528 4608
8542.53 4615
8542.532 4622
8542.534 4628
8542.536 4635
8542.538 4642
8542.54 4648
8542.542 4654
8542.544 4660
8542.546 4667
8542.548 4674
8542.55 4681
8542.552 4687
8542.554 4693
8542.556 4698
8542.558 4704
8542.56 4711
8542.562 4718
8542.564 4723
8542.566 4729
8542.568 4736
8542.57 4742
8542.572 4747
8542.574 4753
8542.576 4759
8542.578 4766
8542.58 4771
8542.582 4777
8542.584 4781
8542.586 4785
8542.588 4790
8542.59 4796
8542.592 4803
8542.594 4809
8542.596 4814
8542.598 4820
8542.6 4825
8542.602 4830
8542.604 4835
8542.606 4840
8542.608 4845
8542.61 4851
8542.612 4856
8542.614 4861
8542.616 4866
8542.618 4871
8542.62 4876
8542.622 4880
8542.624 4884
8542.626 4888
8542.628 4893
8542.63 4898
8542.632 4903
8542.634 4908
8542.636 4914
8542.638 4918
8542.64 4923
8542.642 4927
8542.644 4931
8542.646 4936
8542.648 4941
8542.65 4947
8542.652 4952
8542.654 4957
8542.656 4961
8542.658 4965
8542.66 4969
8542.662 4974
8542.664 4979
8542.666 4984
8542.668 4988
8542.67 4992
8542.672 4996
8542.674 5001
8542.676 5006
8542.678 5011
8542.68 5015
8542.682 5018
8542.684 5023
8542.686 5028
8542.688 5032
8542.69 5035
8542.692 5039
8542.694 5043
8542.696 5049
8542.698 5053
8542.7 5057
8542.702 5061
8542.704 5065
8542.706 5070
8542.708 5073
8542.71 5077
8542.712 5081
8542.714 5085
8542.716 5090
8542.718 5094
8542.72 5096
8542.722 5100
8542.724 5104
8542.726 5109
8542.728 5114
8542.73 5118
8542.732 5121
8542.734 5125
8542.736 5131
8542.738 5135
8542.74 5139
8542.742 5142
8542.744 5146
8542.746 5151
8542.748 5156
8542.75 5159
8542.752 5162
8542.754 5167
8542.756 5172
8542.758 5176
8542.76 5179
8542.762 5183
8542.764 5187
8542.766 5193
8542.768 5196
8542.77 5198
8542.772 5202
8542.774 5207
8542.776 5212
8542.778 5216
8542.78 5219
8542.782 5222
8542.784 5227
8542.786 5232
8542.788 5236
8542.79 5240
8542.792 5244
8542.794 5247
8542.796 5250
8542.798 5253
8542.8 5257
8542.802 5261
8542.804 5264
8542.806 5268
8542.808 5271
8542.81 5275
8542.812 5280
8542.814 5284
8542.816 5288
8542.818 5291
8542.82 5295
8542.822 5298
8542.824 5301
8542.826 5304
8542.828 5308
8542.83 5311
8542.832 5315
8542.834 5318
8542.836 5321
8542.838 5325
8542.84 5329
8542.842 5333
8542.844 5336
8542.846 5340
8542.848 5343
8542.85 5347
8542.852 5350
8542.854 5354
8542.856 5357
8542.858 5361
8542.86 5364
8542.862 5368
8542.864 5371
8542.866 5374
8542.868 5378
8542.87 5381
8542.872 5384
8542.874 5388
8542.876 5391
8542.878 5394
8542.88 5398
8542.882 5402
8542.884 5405
8542.886 5408
8542.888 5412
8542.89 5415
8542.892 5419
8542.894 5422
8542.896 5426
8542.898 5429
8542.9 5433
8542.902 5436
8542.904 5439
8542.906 5443
8542.908 5446
8542.91 5450
8542.912 5453
8542.914 5456
8542.916 5460
8542.918 5463
8542.92 5467
8542.922 5471
8542.924 5474
8542.926 5477
8542.928 5480
8542.93 5484
8542.932 5486
8542.934 5488
8542.936 5491
8542.938 5494
8542.94 5498
8542.942 5501
8542.944 5505
8542.946 5508
8542.948 5512
8542.95 5515
8542.952 5519
8542.954 5522
8542.956 5525
8542.958 5528
8542.96 5532
8542.962 5535
8542.964 5539
8542.966 5542
8542.968 5546
8542.97 5549
8542.972 5553
8542.974 5556
8542.976 5559
8542.978 5563
8542.98 5566
8542.982 5570
8542.984 5573
8542.986 5577
8542.988 5580
8542.99 5584
8542.992 5587
8542.994 5591
8542.996 5594
8542.998 5598
8543 5601
8543.002 5605
8543.004 5608
8543.006 5611
8543.008 5613
8543.01 5617
8543.012 5620
8543.014 5624
8543.016 5627
8543.018 5631
8543.02 5634
8543.022 5637
8543.024 5641
8543.026 5644
8543.028 5647
8543.03 5650
8543.032 5652
8543.034 5656
8543.036 5659
8543.038 5662
8543.04 5665
8543.042 5669
8543.044 5673
8543.046 5677
8543.048 5680
8543.05 5684
8543.052 5687
8543.054 5690
8543.056 5692
8543.058 5694
8543.06 5698
8543.062 5701
8543.064 5704
8543.066 5707
8543.068 5711
8543.07 5714
8543.072 5718
8543.074 5721
8543.076 5724
8543.078 5727
8543.08 5731
8543.082 5734
8543.084 5736
8543.086 5739
8543.088 5742
8543.09 5745
8543.092 5748
8543.094 5752
8543.096 5756
8543.098 5759
8543.1 5763
8543.102 5766
8543.104 5769
8543.106 5773
8543.108 5776
8543.11 5779
8543.112 5781
8543.114 5784
8543.116 5787
8543.118 5790
8543.12 5794
8543.122 5798
8543.124 5801
8543.126 5804
8543.128 5808
8543.13 5810
8543.132 5812
8543.134 5815
8543.136 5818
8543.138 5821
8543.14 5824
8543.142 5828
8543.144 5831
8543.146 5835
8543.148 5839
8543.15 5842
8543.152 5846
8543.154 5849
8543.156 5853
8543.158 5856
8543.16 5859
8543.162 5862
8543.164 5866
8543.166 5869
8543.168 5872
8543.17 5874
8543.172 5877
8543.174 5880
8543.176 5883
8543.178 5887
8543.18 5891
8543.182 5895
8543.184 5898
8543.186 5901
8543.188 5903
8543.19 5905
8543.192 5909
8543.194 5912
8543.196 5915
8543.198 5918
8543.2 5919
8543.202 5922
8543.204 5925
8543.206 5929
8543.208 5932
8543.21 5935
8543.212 5937
8543.214 5939
8543.216 5942
8543.218 5946
8543.22 5949
8543.222 5953
8543.224 5956
8543.226 5959
8543.228 5963
8543.23 5966
8543.232 5970
8543.234 5973
8543.236 5977
8543.238 5979
8543.24 5982
8543.242 5986
8543.244 5990
8543.246 5994
8543.248 5998
8543.25 6001
8543.252 6005
8543.254 6008
8543.256 6012
8543.258 6015
8543.26 6019
8543.262 6021
8543.264 6025
8543.266 6027
8543.268 6030
8543.27 6034
8543.272 6038
8543.274 6041
8543.276 6045
8543.278 6049
8543.28 6052
8543.282 6056
8543.284 6059
8543.286 6063
8543.288 6066
8543.29 6070
8543.292 6073
8543.294 6076
8543.296 6079
8543.298 6083
8543.3 6086
8543.302 6090
8543.304 6093
8543.306 6097
8543.308 6101
8543.31 6104
8543.312 6108
8543.314 6111
8543.316 6115
8543.318 6118
8543.32 6122
8543.322 6124
8543.324 6127
8543.326 6131
8543.328 6134
8543.33 6138
8543.332 6141
8543.334 6144
8543.336 6146
8543.338 6149
8543.34 6152
8543.342 6155
8543.344 6159
8543.346 6163
8543.348 6166
8543.35 6168
8543.352 6171
8543.354 6173
8543.356 6177
8543.358 6180
8543.36 6183
8543.362 6186
8543.364 6188
8543.366 6191
8543.368 6194
8543.37 6197
8543.372 6201
8543.374 6203
8543.376 6205
8543.378 6208
8543.38 6211
8543.382 6215
8543.384 6219
8543.386 6222
8543.388 6225
8543.39 6227
8543.392 6229
8543.394 6232
8543.396 6235
8543.398 6239
8543.4 6242
8543.402 6246
8543.404 6248
8543.406 6251
8543.408 6253
8543.41 6256
8543.412 6259
8543.414 6263
8543.416 6267
8543.418 6270
8543.42 6273
8543.422 6275
8543.424 6277
8543.426 6281
8543.428 6284
8543.43 6287
8543.432 6291
8543.434 6295
8543.436 6298
8543.438 6301
8543.44 6304
8543.442 6306
8543.444 6309
8543.446 6312
8543.448 6316
8543.45 6320
8543.452 6323
8543.454 6326
8543.456 6328
8543.458 6330
8543.46 6332
8543.462 6335
8543.464 6339
8543.466 6343
8543.468 6346
8543.47 6349
8543.472 6353
8543.474 6356
8543.476 6358
8543.478 6361
8543.48 6364
8543.482 6367
8543.484 6370
8543.486 6374
8543.488 6378
8543.49 6382
8543.492 6385
8543.494 6388
8543.496 6391
8543.498 6395
8543.5 6398
8543.502 6402
8543.504 6405
8543.506 6408
8543.508 6410
8543.51 6413
8543.512 6416
8543.514 6419
8543.516 6423
8543.518 6427
8543.52 6431
8543.522 6433
8543.524 6436
8543.526 6438
8543.528 6440
8543.53 6443
8543.532 6446
8543.534 6449
8543.536 6452
8543.538 6454
8543.54 6456
8543.542 6459
8543.544 6462
8543.546 6465
8543.548 6467
8543.55 6468
8543.552 6471
8543.554 6474
8543.556 6476
8543.558 6478
8543.56 6480
8543.562 6482
8543.564 6485
8543.566 6488
8543.568 6490
8543.57 6493
8543.572 6494
8543.574 6495
8543.576 6498
8543.578 6500
8543.58 6503
8543.582 6506
8543.584 6508
8543.586 6509
8543.588 6513
8543.59 6516
8543.592 6518
8543.594 6520
8543.596 6524
8543.598 6528
8543.6 6531
8543.602 6534
8543.604 6535
8543.606 6537
8543.608 6540
8543.61 6544
8543.612 6548
8543.614 6551
8543.616 6555
8543.618 6558
8543.62 6561
8543.622 6565
8543.624 6568
8543.626 6571
8543.628 6573
8543.63 6576
8543.632 6579
8543.634 6583
8543.636 6586
8543.638 6589
8543.64 6593
8543.642 6595
8543.644 6597
8543.646 6600
8543.648 6603
8543.65 6607
8543.652 6610
8543.654 6612
8543.656 6614
8543.658 6617
8543.66 6620
8543.662 6622
8543.664 6624
8543.666 6626
8543.668 6629
8543.67 6632
8543.672 6635
8543.674 6636
8543.676 6638
8543.678 6641
8543.68 6644
8543.682 6646
8543.684 6648
8543.686 6649
8543.688 6652
8543.69 6655
8543.692 6658
8543.694 6660
8543.696 6662
8543.698 6664
8543.7 6667
8543.702 6670
8543.704 6672
8543.706 6673
8543.708 6676
8543.71 6678
8543.712 6681
8543.714 6685
8543.716 6686
8543.718 6688
8543.72 6692
8543.722 6695
8543.724 6697
8543.726 6699
8543.728 6702
8543.73 6705
8543.732 6709
8543.734 6712
8543.736 6714
8543.738 6716
8543.74 6719
8543.742 6723
8543.744 6726
8543.746 6730
8543.748 6734
8543.75 6738
8543.752 6741
8543.754 6744
8543.756 6747
8543.758 6751
8543.76 6754
8543.762 6758
8543.764 6761
8543.766 6764
8543.768 6768
8543.77 6771
8543.772 6774
8543.774 6778
8543.776 6781
8543.778 6783
8543.78 6786
8543.782 6789
8543.784 6793
8543.786 6796
8543.788 6799
8543.79 6803
8543.792 6805
8543.794 6808
8543.796 6810
8543.798 6814
8543.8 6817
8543.802 6818
8543.804 6821
8543.806 6824
8543.808 6827
8543.81 6829
8543.812 6831
8543.814 6835
8543.816 6837
8543.818 6839
8543.82 6842
8543.822 6845
8543.824 6846
8543.826 6848
8543.828 6851
8543.83 6854
8543.832 6856
8543.834 6858
8543.836 6859
8543.838 6861
8543.84 6865
8543.842 6868
8543.844 6870
8543.846 6872
8543.848 6876
8543.85 6879
8543.852 6881
8543.854 6883
8543.856 6886
8543.858 6889
8543.86 6891
8543.862 6893
8543.864 6897
8543.866 6900
8543.868 6901
8543.87 6904
8543.872 6907
8543.874 6910
8543.876 6912
8543.878 6915
8543.88 6918
8543.882 6921
8543.884 6924
8543.886 6926
8543.888 6928
8543.89 6931
8543.892 6935
8543.894 6937
8543.896 6939
8543.898 6943
8543.9 6946
8543.902 6947
8543.904 6949
8543.906 6952
8543.908 6955
8543.91 6959
8543.912 6962
8543.914 6964
8543.916 6966
8543.918 6970
8543.92 6973
8543.922 6975
8543.924 6977
8543.926 6981
8543.928 6984
8543.93 6985
8543.932 6988
8543.934 6991
8543.936 6995
8543.938 6998
8543.94 7000
8543.942 7002
8543.944 7005
8543.946 7008
8543.948 7010
8543.95 7012
8543.952 7014
8543.954 7016
8543.956 7020
8543.958 7023
8543.96 7025
8543.962 7027
8543.964 7030
8543.966 7034
8543.968 7036
8543.97 7037
8543.972 7041
8543.974 7044
8543.976 7046
8543.978 7047
8543.98 7050
8543.982 7053
8543.984 7055
8543.986 7057
8543.988 7060
8543.99 7063
8543.992 7065
8543.994 7067
8543.996 7071
8543.998 7074
8544 7075
8544.002 7078
8544.004 7082
8544.006 7084
8544.008 7086
8544.01 7089
8544.012 7092
8544.014 7095
8544.016 7096
8544.018 7098
8544.02 7101
8544.022 7104
8544.024 7107
8544.026 7109
8544.028 7111
8544.03 7114
8544.032 7117
8544.034 7119
8544.036 7121
8544.038 7124
8544.04 7128
8544.042 7130
8544.044 7132
8544.046 7134
8544.048 7136
8544.05 7139
8544.052 7142
8544.054 7144
8544.056 7146
8544.058 7149
8544.06 7152
8544.062 7153
8544.064 7155
8544.066 7157
8544.068 7160
8544.07 7163
8544.072 7166
8544.074 7168
8544.076 7170
8544.078 7173
8544.08 7175
8544.082 7177
8544.084 7180
8544.086 7184
8544.088 7186
8544.09 7188
8544.092 7190
8544.094 7192
8544.096 7195
8544.098 7198
8544.1 7200
8544.102 7202
8544.104 7204
8544.106 7206
8544.108 7209
8544.11 7212
8544.112 7214
8544.114 7216
8544.116 7218
8544.118 7220
8544.12 7221
8544.122 7223
8544.124 7224
8544.126 7226
8544.128 7228
8544.13 7230
8544.132 7231
8544.134 7233
8544.136 7235
8544.138 7237
8544.14 7239
8544.142 7241
8544.144 7243
8544.146 7244
8544.148 7246
8544.15 7246
8544.152 7247
8544.154 7248
8544.156 7249
8544.158 7251
8544.16 7253
8544.162 7253
8544.164 7253
8544.166 7255
8544.168 7256
8544.17 7256
8544.172 7257
8544.174 7258
8544.176 7260
8544.178 7260
8544.18 7260
8544.182 7262
8544.184 7263
8544.186 7263
8544.188 7264
8544.19 7266
8544.192 7267
8544.194 7267
8544.196 7268
8544.198 7270
8544.2 7270
8544.202 7270
8544.204 7271
8544.206 7273
8544.208 7273
8544.21 7274
8544.212 7274
8544.214 7276
8544.216 7276
8544.218 7276
8544.22 7278
8544.222 7279
8544.224 7281
8544.226 7283
8544.228 7285
8544.23 7286
8544.232 7288
8544.234 7290
8544.236 7291
8544.238 7293
8544.24 7295
8544.242 7297
8544.244 7299
8544.246 7301
8544.248 7304
8544.25 7307
8544.252 7309
8544.254 7311
8544.256 7315
8544.258 7318
8544.26 7320
8544.262 7323
8544.264 7326
8544.266 7330
8544.268 7333
8544.27 7337
8544.272 7340
8544.274 7345
8544.276 7350
8544.278 7354
8544.28 7358
8544.282 7360
8544.284 7363
8544.286 7367
8544.288 7371
8544.29 7375
8544.292 7380
8544.294 7384
8544.296 7387
8544.298 7391
8544.3 7395
8544.302 7400
8544.304 7405
8544.306 7408
8544.308 7412
8544.31 7416
8544.312 7420
8544.314 7425
8544.316 7430
8544.318 7433
8544.32 7436
8544.322 7440
8544.324 7444
8544.326 7449
8544.328 7453
8544.33 7457
8544.332 7461
8544.334 7464
8544.336 7467
8544.338 7471
8544.34 7474
8544.342 7478
8544.344 7481
8544.346 7485
8544.348 7488
8544.35 7491
8544.352 7493
8544.354 7494
8544.356 7498
8544.358 7502
8544.36 7504
8544.362 7505
8544.364 7509
8544.366 7512
8544.368 7514
8544.37 7516
8544.372 7517
8544.374 7519
8544.376 7521
8544.378 7524
8544.38 7527
8544.382 7529
8544.384 7532
8544.386 7534
8544.388 7535
8544.39 7536
8544.392 7538
8544.394 7540
8544.396 7542
8544.398 7545
8544.4 7548
8544.402 7551
8544.404 7553
8544.406 7554
8544.408 7556
8544.41 7559
8544.412 7562
8544.414 7565
8544.416 7566
8544.418 7567
8544.42 7569
8544.422 7571
8544.424 7573
8544.426 7577
8544.428 7580
8544.43 7581
8544.432 7583
8544.434 7587
8544.436 7590
8544.438 7592
8544.44 7594
8544.442 7596
8544.444 7598
8544.446 7601
8544.448 7604
8544.45 7606
8544.452 7608
8544.454 7609
8544.456 7612
8544.458 7615
8544.46 7618
8544.462 7620
8544.464 7622
8544.466 7623
8544.468 7625
8544.47 7626
8544.472 7629
8544.474 7631
8544.476 7633
8544.478 7634
8544.48 7637
8544.482 7640
8544.484 7642
8544.486 7644
8544.488 7646
8544.49 7648
8544.492 7650
8544.494 7652
8544.496 7653
8544.498 7655
8544.5 7656
8544.502 7658
8544.504 7661
8544.506 7663
8544.508 7666
8544.51 7668
8544.512 7670
8544.514 7672
8544.516 7674
8544.518 7676
8544.52 7679
8544.522 7682
8544.524 7684
8544.526 7686
8544.528 7687
8544.53 7690
8544.532 7692
8544.534 7695
8544.536 7697
8544.538 7699
8544.54 7700
8544.542 7702
8544.544 7704
8544.546 7707
8544.548 7710
8544.55 7713
8544.552 7715
8544.554 7717
8544.556 7718
8544.558 7720
8544.56 7721
8544.562 7723
8544.564 7726
8544.566 7729
8544.568 7732
8544.57 7734
8544.572 7736
8544.574 7738
8544.576 7739
8544.578 7741
8544.58 7743
8544.582 7747
8544.584 7749
8544.586 7751
8544.588 7753
8544.59 7755
8544.592 7757
8544.594 7758
8544.596 7760
8544.598 7762
8544.6 7765
8544.602 7768
8544.604 7770
8544.606 7771
8544.608 7773
8544.61 7775
8544.612 7776
8544.614 7778
8544.616 7780
8544.618 7782
8544.62 7783
8544.622 7785
8544.624 7787
8544.626 7788
8544.628 7789
8544.63 7790
8544.632 7792
8544.634 7793
8544.636 7795
8544.638 7796
8544.64 7798
8544.642 7800
8544.644 7802
8544.646 7802
8544.648 7803
8544.65 7804
8544.652 7806
8544.654 7807
8544.656 7809
8544.658 7810
8544.66 7812
8544.662 7814
8544.664 7816
8544.666 7818
8544.668 7820
8544.67 7822
8544.672 7824
8544.674 7825
8544.676 7826
8544.678 7828
8544.68 7830
8544.682 7832
8544.684 7833
8544.686 7835
8544.688 7837
8544.69 7839
8544.692 7840
8544.694 7841
8544.696 7842
8544.698 7843
8544.7 7845
8544.702 7847
8544.704 7849
8544.706 7850
8544.708 7851
8544.71 7853
8544.712 7855
8544.714 7857
8544.716 7859
8544.718 7860
8544.72 7862
8544.722 7864
8544.724 7866
8544.726 7867
8544.728 7869
8544.73 7871
8544.732 7873
8544.734 7874
8544.736 7875
8544.738 7877
8544.74 7879
8544.742 7881
8544.744 7883
8544.746 7885
8544.748 7887
8544.75 7889
8544.752 7892
8544.754 7895
8544.756 7896
8544.758 7898
8544.76 7900
8544.762 7902
8544.764 7904
8544.766 7906
8544.768 7908
8544.77 7910
8544.772 7911
8544.774 7913
8544.776 7914
8544.778 7916
8544.78 7918
8544.782 7920
8544.784 7922
8544.786 7925
8544.788 7928
8544.79 7930
8544.792 7933
8544.794 7934
8544.796 7935
8544.798 7937
8544.8 7940
8544.802 7943
8544.804 7946
8544.806 7948
8544.808 7950
8544.81 7952
8544.812 7953
8544.814 7957
8544.816 7960
8544.818 7962
8544.82 7964
8544.822 7966
8544.824 7968
8544.826 7971
8544.828 7974
8544.83 7976
8544.832 7977
8544.834 7978
8544.836 7981
8544.838 7984
8544.84 7987
8544.842 7989
8544.844 7991
8544.846 7993
8544.848 7995
8544.85 7996
8544.852 7998
8544.854 8000
8544.856 8002
8544.858 8004
8544.86 8007
8544.862 8010
8544.864 8012
8544.866 8013
8544.868 8015
8544.87 8017
8544.872 8019
8544.874 8020
8544.876 8022
8544.878 8024
8544.88 8026
8544.882 8028
8544.884 8029
8544.886 8031
8544.888 8031
8544.89 8032
8544.892 8034
8544.894 8036
8544.896 8037
8544.898 8039
8544.9 8041
8544.902 8043
8544.904 8045
8544.906 8046
8544.908 8047
8544.91 8048
8544.912 8049
8544.914 8050
8544.916 8052
8544.918 8053
8544.92 8055
8544.922 8056
8544.924 8058
8544.926 8060
8544.928 8062
8544.93 8064
8544.932 8065
8544.934 8067
8544.936 8069
8544.938 8071
8544.94 8072
8544.942 8075
8544.944 8077
8544.946 8079
8544.948 8080
8544.95 8081
8544.952 8083
8544.954 8086
8544.956 8089
8544.958 8091
8544.96 8093
8544.962 8094
8544.964 8096
8544.966 8098
8544.968 8100
8544.97 8101
8544.972 8103
8544.974 8105
8544.976 8106
8544.978 8108
8544.98 8109
8544.982 8111
8544.984 8112
8544.986 8112
8544.988 8114
8544.99 8116
8544.992 8117
8544.994 8118
8544.996 8120
8544.998 8122
8545 8124