6173 9850
6173.002 9850
6173.004 9848
6173.006 9847
6173.008 9846
6173.01 9844
6173.012 9843
6173.014 9842
6173.016 9841
6173.018 9840
6173.02 9839
6173.022 9839
6173.024 9838
6173.026 9838
6173.028 9837
6173.03 9837
6173.032 9837
6173.034 9837
6173.036 9837
6173.038 9837
6173.04 9837
6173.042 9837
6173.044 9837
6173.046 9837
6173.048 9837
6173.05 9837
6173.052 9837
6173.054 9838
6173.056 9838
6173.058 9838
6173.06 9839
6173.062 9840
6173.064 9840
6173.066 9840
6173.068 9841
6173.07 9841
6173.072 9843
6173.074 9844
6173.076 9844
6173.078 9846
6173.08 9847
6173.082 9847
6173.084 9848
6173.086 9849
6173.088 9851
6173.09 9852
6173.092 9853
6173.094 9854
6173.096 9854
6173.098 9854
6173.1 9855
6173.102 9856
6173.104 9856
6173.106 9856
6173.108 9856
6173.11 9856
6173.112 9856
6173.114 9856
6173.116 9856
6173.118 9855
6173.12 9855
6173.122 9855
6173.124 9855
6173.126 9854
6173.128 9853
6173.13 9853
6173.132 9852
6173.134 9852
6173.136 9851
6173.138 9851
6173.14 9850
6173.142 9849
6173.144 9848
6173.146 9847
6173.148 9846
6173.15 9845
6173.152 9844
6173.154 9843
6173.156 9842
6173.158 9841
6173.16 9840
6173.162 9838
6173.164 9837
6173.166 9836
6173.168 9834
6173.17 9833
6173.172 9832
6173.174 9831
6173.176 9829
6173.178 9827
6173.18 9825
6173.182 9823
6173.184 9821
6173.186 9818
6173.188 9815
6173.19 9812
6173.192 9808
6173.194 9804
6173.196 9799
6173.198 9793
6173.2 9788
6173.202 9783
6173.204 9777
6173.206 9769
6173.208 9761
6173.21 9752
6173.212 9743
6173.214 9733
6173.216 9722
6173.218 9712
6173.22 9702
6173.222 9688
6173.224 9673
6173.226 9656
6173.228 9637
6173.23 9619
6173.232 9598
6173.234 9572
6173.236 9543
6173.238 9511
6173.24 9477
6173.242 9441
6173.244 9402
6173.246 9360
6173.248 9315
6173.25 9263
6173.252 9204
6173.254 9141
6173.256 9073
6173.258 8998
6173.26 8919
6173.262 8832
6173.264 8741
6173.266 8645
6173.268 8542
6173.27 8431
6173.272 8311
6173.274 8181
6173.276 8040
6173.278 7892
6173.28 7741
6173.282 7588
6173.284 7432
6173.286 7273
6173.288 7109
6173.29 6939
6173.292 6767
6173.294 6594
6173.296 6423
6173.298 6251
6173.3 6076
6173.302 5900
6173.304 5726
6173.306 5553
6173.308 5380
6173.31 5210
6173.312 5050
6173.314 4901
6173.316 4759
6173.318 4624
6173.32 4497
6173.322 4378
6173.324 4268
6173.326 4170
6173.328 4080
6173.33 3998
6173.332 3927
6173.334 3866
6173.336 3817
6173.338 3780
6173.34 3755
6173.342 3741
6173.344 3738
6173.346 3747
6173.348 3768
6173.35 3804
6173.352 3855
6173.354 3921
6173.356 4000
6173.358 4092
6173.36 4197
6173.362 4318
6173.364 4453
6173.366 4600
6173.368 4757
6173.37 4922
6173.372 5096
6173.374 5279
6173.376 5469
6173.378 5662
6173.38 5858
6173.382 6059
6173.384 6260
6173.386 6457
6173.388 6646
6173.39 6827
6173.392 7002
6173.394 7170
6173.396 7332
6173.398 7490
6173.4 7643
6173.402 7788
6173.404 7921
6173.406 8044
6173.408 8162
6173.41 8277
6173.412 8386
6173.414 8485
6173.416 8576
6173.418 8658
6173.42 8733
6173.422 8804
6173.424 8871
6173.426 8935
6173.428 8995
6173.43 9052
6173.432 9105
6173.434 9154
6173.436 9200
6173.438 9242
6173.44 9281
6173.442 9314
6173.444 9345
6173.446 9374
6173.448 9402
6173.45 9427
6173.452 9450
6173.454 9472
6173.456 9493
6173.458 9512
6173.46 9530
6173.462 9546
6173.464 9562
6173.466 9577
6173.468 9591
6173.47 9604
6173.472 9617
6173.474 9629
6173.476 9639
6173.478 9648
6173.48 9658
6173.482 9667
6173.484 9675
6173.486 9682
6173.488 9689
6173.49 9695
6173.492 9700
6173.494 9706
6173.496 9711
6173.498 9715
6173.5 9719
6173.502 9722
6173.504 9726
6173.506 9728
6173.508 9730
6173.51 9732
6173.512 9735
6173.514 9737
6173.516 9738
6173.518 9740
6173.52 9742
6173.522 9743
6173.524 9744
6173.526 9746
6173.528 9747
6173.53 9749
6173.532 9750
6173.534 9751
6173.536 9753
6173.538 9754
6173.54 9756
6173.542 9758
6173.544 9759
6173.546 9762
6173.548 9764
6173.55 9766
6173.552 9767
6173.554 9769
6173.556 9772
6173.558 9774
6173.56 9776
6173.562 9778
6173.564 9781
6173.566 9783
6173.568 9785
6173.57 9787
6173.572 9788
6173.574 9790
6173.576 9792
6173.578 9793
6173.58 9795
6173.582 9796
6173.584 9798
6173.586 9800
6173.588 9800
6173.59 9802
6173.592 9803
6173.594 9803
6173.596 9804
6173.598 9805
6173.6 9806
6173.602 9806
6173.604 9806
6173.606 9807
6173.608 9808
6173.61 9809
6173.612 9809
6173.614 9809
6173.616 9809
6173.618 9809
6173.62 9810
6173.622 9811
6173.624 9811
6173.626 9811
6173.628 9813
6173.63 9814
6173.632 9814
6173.634 9815
6173.636 9816
6173.638 9817
6173.64 9818
6173.642 9819
6173.644 9820
6173.646 9822
6173.648 9824
6173.65 9824
6173.652 9826
6173.654 9828
6173.656 9829
6173.658 9831
6173.66 9833
6173.662 9836
6173.664 9838
6173.666 9840
6173.668 9842
6173.67 9844
6173.672 9845
6173.674 9847
6173.676 9849
6173.678 9850
6173.68 9851
6173.682 9853
6173.684 9854
6173.686 9856
6173.688 9857
6173.69 9859
6173.692 9859
6173.694 9860
6173.696 9861
6173.698 9862
6173.7 9862
6173.702 9863
6173.704 9864
6173.706 9865
6173.708 9866
6173.71 9867
6173.712 9868
6173.714 9868
6173.716 9868
6173.718 9869
6173.72 9870
6173.722 9871
6173.724 9871
6173.726 9872
6173.728 9872
6173.73 9873
6173.732 9874
6173.734 9874
6173.736 9875
6173.738 9876
6173.74 9877
6173.742 9877
6173.744 9878
6173.746 9879
6173.748 9880
6173.75 9881
6173.752 9882
6173.754 9883
6173.756 9884
6173.758 9885
6173.76 9886
6173.762 9887
6173.764 9889
6173.766 9890
6173.768 9891
6173.77 9892
6173.772 9894
6173.774 9895
6173.776 9895
6173.778 9897
6173.78 9898
6173.782 9898
6173.784 9899
6173.786 9899
6173.788 9899
6173.79 9899
6173.792 9900
6173.794 9900
6173.796 9899
6173.798 9899
6173.8 9898
6173.802 9898
6173.804 9897
6173.806 9896
6173.808 9895
6173.81 9894
6173.812 9893
6173.814 9892
6173.816 9892
6173.818 9891
6173.82 9890
6173.822 9889
6173.824 9888
6173.826 9887
6173.828 9886
6173.83 9886
6173.832 9886
6173.834 9886
6173.836 9886
6173.838 9886
6173.84 9886
6173.842 9886
6173.844 9885
6173.846 9885
6173.848 9886
6173.85 9886
6173.852 9887
6173.854 9887
6173.856 9888
6173.858 9888
6173.86 9889
6173.862 9889
6173.864 9890
6173.866 9891
6173.868 9891
6173.87 9892
6173.872 9893
6173.874 9894
6173.876 9895
6173.878 9896
6173.88 9896
6173.882 9897
6173.884 9897
6173.886 9897
6173.888 9897
6173.89 9898
6173.892 9898
6173.894 9898
6173.896 9898
6173.898 9897
6173.9 9897
6173.902 9897
6173.904 9897
6173.906 9897
6173.908 9896
6173.91 9896
6173.912 9896
6173.914 9896
6173.916 9896
6173.918 9895
6173.92 9895
6173.922 9896
6173.924 9897
6173.926 9898
6173.928 9898
6173.93 9899
6173.932 9899
6173.934 9900
6173.936 9901
6173.938 9901
6173.94 9902
6173.942 9903
6173.944 9904
6173.946 9905
6173.948 9905
6173.95 9906
6173.952 9906
6173.954 9906
6173.956 9907
6173.958 9907
6173.96 9907
6173.962 9907
6173.964 9907
6173.966 9907
6173.968 9907
6173.97 9907
6173.972 9907
6173.974 9906
6173.976 9906
6173.978 9906
6173.98 9906
6173.982 9906
6173.984 9905
6173.986 9905
6173.988 9906
6173.99 9906
6173.992 9906
6173.994 9906
6173.996 9906
6173.998 9906
6174 9906
