8660 7996
8660.002 7994
8660.004 7992
8660.006 7990
8660.008 7988
8660.01 7987
8660.012 7985
8660.014 7983
8660.016 7981
8660.018 7978
8660.02 7976
8660.022 7974
8660.024 7972
8660.026 7970
8660.028 7968
8660.03 7966
8660.032 7964
8660.034 7962
8660.036 7960
8660.038 7958
8660.04 7956
8660.042 7953
8660.044 7951
8660.046 7948
8660.048 7946
8660.05 7943
8660.052 7940
8660.054 7938
8660.056 7936
8660.058 7933
8660.06 7932
8660.062 7929
8660.064 7927
8660.066 7923
8660.068 7920
8660.07 7917
8660.072 7916
8660.074 7914
8660.076 7910
8660.078 7907
8660.08 7905
8660.082 7903
8660.084 7900
8660.086 7897
8660.088 7894
8660.09 7892
8660.092 7890
8660.094 7888
8660.096 7886
8660.098 7883
8660.1 7879
8660.102 7877
8660.104 7875
8660.106 7873
8660.108 7871
8660.11 7869
8660.112 7866
8660.114 7863
8660.116 7861
8660.118 7859
8660.12 7857
8660.122 7855
8660.124 7853
8660.126 7851
8660.128 7848
8660.13 7845
8660.132 7843
8660.134 7841
8660.136 7838
8660.138 7837
8660.14 7835
8660.142 7833
8660.144 7830
8660.146 7827
8660.148 7825
8660.15 7822
8660.152 7820
8660.154 7818
8660.156 7816
8660.158 7813
8660.16 7810
8660.162 7807
8660.164 7804
8660.166 7801
8660.168 7799
8660.17 7797
8660.172 7794
8660.174 7791
8660.176 7788
8660.178 7785
8660.18 7783
8660.182 7780
8660.184 7776
8660.186 7773
8660.188 7770
8660.19 7767
8660.192 7763
8660.194 7761
8660.196 7758
8660.198 7754
8660.2 7751
8660.202 7747
8660.204 7744
8660.206 7741
8660.208 7738
8660.21 7735
8660.212 7732
8660.214 7728
8660.216 7725
8660.218 7723
8660.22 7720
8660.222 7716
8660.224 7712
8660.226 7710
8660.228 7707
8660.23 7704
8660.232 7701
8660.234 7698
8660.236 7694
8660.238 7690
8660.24 7686
8660.242 7685
8660.244 7682
8660.246 7679
8660.248 7675
8660.25 7671
8660.252 7668
8660.254 7665
8660.256 7663
8660.258 7660
8660.26 7656
8660.262 7652
8660.264 7648
8660.266 7646
8660.268 7643
8660.27 7639
8660.272 7636
8660.274 7633
8660.276 7631
8660.278 7627
8660.28 7623
8660.282 7620
8660.284 7618
8660.286 7615
8660.288 7612
8660.29 7608
8660.292 7605
8660.294 7602
8660.296 7598
8660.298 7595
8660.3 7593
8660.302 7589
8660.304 7586
8660.306 7583
8660.308 7582
8660.31 7579
8660.312 7577
8660.314 7573
8660.316 7570
8660.318 7567
8660.32 7564
8660.322 7561
8660.324 7558
8660.326 7556
8660.328 7553
8660.33 7551
8660.332 7549
8660.334 7546
8660.336 7544
8660.338 7542
8660.34 7539
8660.342 7536
8660.344 7533
8660.346 7531
8660.348 7531
8660.35 7529
8660.352 7526
8660.354 7524
8660.356 7521
8660.358 7520
8660.36 7518
8660.362 7517
8660.364 7515
8660.366 7513
8660.368 7511
8660.37 7509
8660.372 7506
8660.374 7504
8660.376 7503
8660.378 7501
8660.38 7499
8660.382 7497
8660.384 7494
8660.386 7492
8660.388 7490
8660.39 7488
8660.392 7486
8660.394 7483
8660.396 7481
8660.398 7480
8660.4 7478
8660.402 7475
8660.404 7472
8660.406 7470
8660.408 7468
8660.41 7466
8660.412 7463
8660.414 7460
8660.416 7457
8660.418 7455
8660.42 7453
8660.422 7451
8660.424 7448
8660.426 7445
8660.428 7442
8660.43 7440
8660.432 7438
8660.434 7434
8660.436 7431
8660.438 7429
8660.44 7427
8660.442 7425
8660.444 7422
8660.446 7418
8660.448 7415
8660.45 7414
8660.452 7410
8660.454 7407
8660.456 7404
8660.458 7402
8660.46 7399
8660.462 7396
8660.464 7394
8660.466 7391
8660.468 7388
8660.47 7385
8660.472 7381
8660.474 7378
8660.476 7376
8660.478 7374
8660.48 7371
8660.482 7368
8660.484 7364
8660.486 7360
8660.488 7356
8660.49 7354
8660.492 7351
8660.494 7348
8660.496 7344
8660.498 7342
8660.5 7338
8660.502 7334
8660.504 7331
8660.506 7328
8660.508 7326
8660.51 7322
8660.512 7319
8660.514 7316
8660.516 7313
8660.518 7310
8660.52 7307
8660.522 7303
8660.524 7300
8660.526 7298
8660.528 7295
8660.53 7293
8660.532 7289
8660.534 7286
8660.536 7282
8660.538 7279
8660.54 7276
8660.542 7273
8660.544 7271
8660.546 7269
8660.548 7265
8660.55 7261
8660.552 7258
8660.554 7254
8660.556 7252
8660.558 7248
8660.56 7245
8660.562 7242
8660.564 7239
8660.566 7235
8660.568 7231
8660.57 7229
8660.572 7226
8660.574 7222
8660.576 7219
8660.578 7215
8660.58 7212
8660.582 7209
8660.584 7206
8660.586 7202
8660.588 7197
8660.59 7194
8660.592 7190
8660.594 7186
8660.596 7183
8660.598 7179
8660.6 7175
8660.602 7173
8660.604 7170
8660.606 7165
8660.608 7161
8660.61 7158
8660.612 7154
8660.614 7150
8660.616 7146
8660.618 7142
8660.62 7138
8660.622 7134
8660.624 7130
8660.626 7127
8660.628 7123
8660.63 7120
8660.632 7116
8660.634 7112
8660.636 7108
8660.638 7105
8660.64 7103
8660.642 7100
8660.644 7096
8660.646 7092
8660.648 7089
8660.65 7087
8660.652 7084
8660.654 7080
8660.656 7079
8660.658 7077
8660.66 7074
8660.662 7072
8660.664 7069
8660.666 7067
8660.668 7065
8660.67 7063
8660.672 7060
8660.674 7058
8660.676 7056
8660.678 7054
8660.68 7051
8660.682 7049
8660.684 7047
8660.686 7043
8660.688 7040
8660.69 7037
8660.692 7034
8660.694 7032
8660.696 7029
8660.698 7025
8660.7 7021
8660.702 7018
8660.704 7014
8660.706 7012
8660.708 7008
8660.71 7005
8660.712 7000
8660.714 6996
8660.716 6993
8660.718 6989
8660.72 6986
8660.722 6982
8660.724 6980
8660.726 6976
8660.728 6972
8660.73 6969
8660.732 6965
8660.734 6962
8660.736 6959
8660.738 6956
8660.74 6952
8660.742 6948
8660.744 6945
8660.746 6942
8660.748 6939
8660.75 6935
8660.752 6931
8660.754 6928
8660.756 6926
8660.758 6922
8660.76 6918
8660.762 6915
8660.764 6912
8660.766 6909
8660.768 6906
8660.77 6902
8660.772 6898
8660.774 6895
8660.776 6892
8660.778 6888
8660.78 6885
8660.782 6881
8660.784 6878
8660.786 6875
8660.788 6871
8660.79 6867
8660.792 6863
8660.794 6861
8660.796 6858
8660.798 6855
8660.8 6851
8660.802 6848
8660.804 6844
8660.806 6840
8660.808 6836
8660.81 6833
8660.812 6829
8660.814 6826
8660.816 6823
8660.818 6819
8660.82 6815
8660.822 6810
8660.824 6807
8660.826 6803
8660.828 6801
8660.83 6797
8660.832 6794
8660.834 6790
8660.836 6787
8660.838 6784
8660.84 6781
8660.842 6778
8660.844 6775
8660.846 6771
8660.848 6767
8660.85 6764
8660.852 6761
8660.854 6758
8660.856 6755
8660.858 6751
8660.86 6747
8660.862 6743
8660.864 6740
8660.866 6736
8660.868 6733
8660.87 6730
8660.872 6726
8660.874 6722
8660.876 6718
8660.878 6715
8660.88 6711
8660.882 6708
8660.884 6704
8660.886 6700
8660.888 6697
8660.89 6693
8660.892 6689
8660.894 6685
8660.896 6681
8660.898 6678
8660.9 6674
8660.902 6670
8660.904 6666
8660.906 6662
8660.908 6658
8660.91 6654
8660.912 6651
8660.914 6647
8660.916 6643
8660.918 6639
8660.92 6635
8660.922 6632
8660.924 6628
8660.926 6624
8660.928 6619
8660.93 6616
8660.932 6613
8660.934 6609
8660.936 6605
8660.938 6600
8660.94 6596
8660.942 6593
8660.944 6588
8660.946 6584
8660.948 6580
8660.95 6576
8660.952 6572
8660.954 6569
8660.956 6565
8660.958 6562
8660.96 6558
8660.962 6554
8660.964 6551
8660.966 6547
8660.968 6543
8660.97 6539
8660.972 6535
8660.974 6531
8660.976 6527
8660.978 6523
8660.98 6519
8660.982 6515
8660.984 6511
8660.986 6507
8660.988 6503
8660.99 6499
8660.992 6494
8660.994 6490
8660.996 6486
8660.998 6481
8661 6477
8661.002 6474
8661.004 6471
8661.006 6466
8661.008 6462
8661.01 6458
8661.012 6454
8661.014 6449
8661.016 6446
8661.018 6443
8661.02 6439
8661.022 6434
8661.024 6430
8661.026 6426
8661.028 6422
8661.03 6418
8661.032 6413
8661.034 6410
8661.036 6406
8661.038 6402
8661.04 6397
8661.042 6393
8661.044 6389
8661.046 6385
8661.048 6381
8661.05 6377
8661.052 6371
8661.054 6367
8661.056 6363
8661.058 6359
8661.06 6354
8661.062 6351
8661.064 6347
8661.066 6345
8661.068 6341
8661.07 6336
8661.072 6333
8661.074 6329
8661.076 6324
8661.078 6318
8661.08 6314
8661.082 6311
8661.084 6307
8661.086 6303
8661.088 6300
8661.09 6296
8661.092 6292
8661.094 6288
8661.096 6284
8661.098 6280
8661.1 6278
8661.102 6274
8661.104 6270
8661.106 6267
8661.108 6264
8661.11 6261
8661.112 6257
8661.114 6254
8661.116 6250
8661.118 6247
8661.12 6244
8661.122 6242
8661.124 6239
8661.126 6235
8661.128 6231
8661.13 6227
8661.132 6224
8661.134 6222
8661.136 6219
8661.138 6215
8661.14 6211
8661.142 6207
8661.144 6203
8661.146 6200
8661.148 6197
8661.15 6192
8661.152 6189
8661.154 6186
8661.156 6182
8661.158 6178
8661.16 6174
8661.162 6169
8661.164 6165
8661.166 6162
8661.168 6158
8661.17 6155
8661.172 6151
8661.174 6147
8661.176 6143
8661.178 6140
8661.18 6137
8661.182 6133
8661.184 6129
8661.186 6126
8661.188 6123
8661.19 6120
8661.192 6116
8661.194 6113
8661.196 6110
8661.198 6107
8661.2 6103
8661.202 6100
8661.204 6096
8661.206 6093
8661.208 6089
8661.21 6085
8661.212 6081
8661.214 6078
8661.216 6074
8661.218 6071
8661.22 6067
8661.222 6063
8661.224 6059
8661.226 6056
8661.228 6052
8661.23 6049
8661.232 6045
8661.234 6041
8661.236 6038
8661.238 6036
8661.24 6033
8661.242 6030
8661.244 6026
8661.246 6022
8661.248 6019
8661.25 6015
8661.252 6011
8661.254 6007
8661.256 6003
8661.258 5999
8661.26 5996
8661.262 5993
8661.264 5990
8661.266 5986
8661.268 5981
8661.27 5977
8661.272 5973
8661.274 5969
8661.276 5965
8661.278 5961
8661.28 5958
8661.282 5954
8661.284 5950
8661.286 5945
8661.288 5942
8661.29 5938
8661.292 5934
8661.294 5931
8661.296 5927
8661.298 5923
8661.3 5920
8661.302 5916
8661.304 5912
8661.306 5908
8661.308 5904
8661.31 5901
8661.312 5896
8661.314 5892
8661.316 5887
8661.318 5884
8661.32 5881
8661.322 5878
8661.324 5874
8661.326 5870
8661.328 5865
8661.33 5860
8661.332 5856
8661.334 5851
8661.336 5847
8661.338 5844
8661.34 5839
8661.342 5835
8661.344 5831
8661.346 5828
8661.348 5825
8661.35 5820
8661.352 5816
8661.354 5811
8661.356 5807
8661.358 5804
8661.36 5799
8661.362 5793
8661.364 5789
8661.366 5785
8661.368 5780
8661.37 5776
8661.372 5772
8661.374 5768
8661.376 5763
8661.378 5759
8661.38 5755
8661.382 5750
8661.384 5745
8661.386 5742
8661.388 5738
8661.39 5733
8661.392 5728
8661.394 5725
8661.396 5720
8661.398 5715
8661.4 5712
8661.402 5708
8661.404 5705
8661.406 5700
8661.408 5695
8661.41 5689
8661.412 5685
8661.414 5682
8661.416 5678
8661.418 5674
8661.42 5669
8661.422 5664
8661.424 5660
8661.426 5656
8661.428 5652
8661.43 5648
8661.432 5643
8661.434 5638
8661.436 5634
8661.438 5630
8661.44 5626
8661.442 5622
8661.444 5617
8661.446 5612
8661.448 5609
8661.45 5604
8661.452 5600
8661.454 5595
8661.456 5589
8661.458 5584
8661.46 5580
8661.462 5576
8661.464 5572
8661.466 5568
8661.468 5563
8661.47 5558
8661.472 5552
8661.474 5547
8661.476 5543
8661.478 5538
8661.48 5534
8661.482 5529
8661.484 5523
8661.486 5519
8661.488 5515
8661.49 5510
8661.492 5506
8661.494 5501
8661.496 5497
8661.498 5492
8661.5 5487
8661.502 5482
8661.504 5478
8661.506 5473
8661.508 5468
8661.51 5465
8661.512 5460
8661.514 5455
8661.516 5451
8661.518 5446
8661.52 5440
8661.522 5436
8661.524 5432
8661.526 5427
8661.528 5422
8661.53 5418
8661.532 5415
8661.534 5412
8661.536 5408
8661.538 5403
8661.54 5398
8661.542 5394
8661.544 5390
8661.546 5386
8661.548 5382
8661.55 5378
8661.552 5373
8661.554 5368
8661.556 5363
8661.558 5361
8661.56 5357
8661.562 5353
8661.564 5349
8661.566 5345
8661.568 5339
8661.57 5334
8661.572 5330
8661.574 5326
8661.576 5322
8661.578 5317
8661.58 5313
8661.582 5309
8661.584 5304
8661.586 5300
8661.588 5295
8661.59 5290
8661.592 5285
8661.594 5281
8661.596 5276
8661.598 5271
8661.6 5265
8661.602 5260
8661.604 5255
8661.606 5249
8661.608 5245
8661.61 5240
8661.612 5234
8661.614 5229
8661.616 5223
8661.618 5218
8661.62 5213
8661.622 5209
8661.624 5202
8661.626 5196
8661.628 5190
8661.63 5185
8661.632 5179
8661.634 5174
8661.636 5169
8661.638 5163
8661.64 5157
8661.642 5152
8661.644 5146
8661.646 5139
8661.648 5133
8661.65 5127
8661.652 5121
8661.654 5115
8661.656 5109
8661.658 5104
8661.66 5098
8661.662 5092
8661.664 5086
8661.666 5080
8661.668 5075
8661.67 5069
8661.672 5063
8661.674 5058
8661.676 5052
8661.678 5046
8661.68 5039
8661.682 5033
8661.684 5027
8661.686 5020
8661.688 5014
8661.69 5008
8661.692 5003
8661.694 4997
8661.696 4990
8661.698 4983
8661.7 4977
8661.702 4971
8661.704 4964
8661.706 4958
8661.708 4951
8661.71 4945
8661.712 4938
8661.714 4931
8661.716 4926
8661.718 4919
8661.72 4912
8661.722 4904
8661.724 4896
8661.726 4888
8661.728 4881
8661.73 4874
8661.732 4866
8661.734 4858
8661.736 4849
8661.738 4839
8661.74 4831
8661.742 4822
8661.744 4812
8661.746 4802
8661.748 4793
8661.75 4783
8661.752 4773
8661.754 4763
8661.756 4752
8661.758 4741
8661.76 4729
8661.762 4717
8661.764 4706
8661.766 4694
8661.768 4682
8661.77 4669
8661.772 4656
8661.774 4642
8661.776 4629
8661.778 4615
8661.78 4601
8661.782 4588
8661.784 4570
8661.786 4552
8661.788 4535
8661.79 4518
8661.792 4500
8661.794 4481
8661.796 4462
8661.798 4442
8661.8 4421
8661.802 4399
8661.804 4377
8661.806 4352
8661.808 4327
8661.81 4302
8661.812 4278
8661.814 4252
8661.816 4225
8661.818 4197
8661.82 4169
8661.822 4139
8661.824 4110
8661.826 4082
8661.828 4052
8661.83 4021
8661.832 3991
8661.834 3961
8661.836 3929
8661.838 3897
8661.84 3864
8661.842 3832
8661.844 3800
8661.846 3768
8661.848 3737
8661.85 3706
8661.852 3676
8661.854 3647
8661.856 3617
8661.858 3586
8661.86 3557
8661.862 3529
8661.864 3503
8661.866 3476
8661.868 3453
8661.87 3429
8661.872 3405
8661.874 3382
8661.876 3361
8661.878 3341
8661.88 3321
8661.882 3304
8661.884 3286
8661.886 3272
8661.888 3258
8661.89 3244
8661.892 3231
8661.894 3218
8661.896 3207
8661.898 3197
8661.9 3187
8661.902 3176
8661.904 3168
8661.906 3160
8661.908 3157
8661.91 3154
8661.912 3149
8661.914 3144
8661.916 3139
8661.918 3134
8661.92 3130
8661.922 3126
8661.924 3123
8661.926 3120
8661.928 3118
8661.93 3114
8661.932 3112
8661.934 3111
8661.936 3110
8661.938 3109
8661.94 3107
8661.942 3107
8661.944 3106
8661.946 3105
8661.948 3104
8661.95 3102
8661.952 3101
8661.954 3099
8661.956 3097
8661.958 3095
8661.96 3092
8661.962 3090
8661.964 3088
8661.966 3083
8661.968 3078
8661.97 3073
8661.972 3067
8661.974 3062
8661.976 3056
8661.978 3049
8661.98 3043
8661.982 3039
8661.984 3030
8661.986 3020
8661.988 3011
8661.99 3001
8661.992 2989
8661.994 2977
8661.996 2963
8661.998 2948
8662 2937
8662.002 2922
8662.004 2905
8662.006 2887
8662.008 2868
8662.01 2849
8662.012 2830
8662.014 2811
8662.016 2790
8662.018 2768
8662.02 2747
8662.022 2726
8662.024 2705
8662.026 2684
8662.028 2662
8662.03 2639
8662.032 2618
8662.034 2596
8662.036 2573
8662.038 2549
8662.04 2528
8662.042 2506
8662.044 2484
8662.046 2462
8662.048 2442
8662.05 2422
8662.052 2402
8662.054 2380
8662.056 2360
8662.058 2342
8662.06 2322
8662.062 2305
8662.064 2286
8662.066 2267
8662.068 2250
8662.07 2233
8662.072 2217
8662.074 2200
8662.076 2184
8662.078 2168
8662.08 2153
8662.082 2139
8662.084 2125
8662.086 2111
8662.088 2098
8662.09 2085
8662.092 2072
8662.094 2059
8662.096 2047
8662.098 2036
8662.1 2026
8662.102 2014
8662.104 2004
8662.106 1995
8662.108 1986
8662.11 1976
8662.112 1967
8662.114 1958
8662.116 1951
8662.118 1943
8662.12 1935
8662.122 1928
8662.124 1922
8662.126 1917
8662.128 1911
8662.13 1907
8662.132 1902
8662.134 1896
8662.136 1891
8662.138 1886
8662.14 1882
8662.142 1878
8662.144 1875
8662.146 1873
8662.148 1871
8662.15 1868
8662.152 1866
8662.154 1864
8662.156 1862
8662.158 1860
8662.16 1860
8662.162 1860
8662.164 1859
8662.166 1859
8662.168 1860
8662.17 1862
8662.172 1862
8662.174 1864
8662.176 1866
8662.178 1868
8662.18 1870
8662.182 1873
8662.184 1875
8662.186 1878
8662.188 1882
8662.19 1886
8662.192 1890
8662.194 1894
8662.196 1898
8662.198 1903
8662.2 1907
8662.202 1911
8662.204 1918
8662.206 1923
8662.208 1928
8662.21 1935
8662.212 1942
8662.214 1948
8662.216 1955
8662.218 1963
8662.22 1970
8662.222 1978
8662.224 1986
8662.226 1994
8662.228 2002
8662.23 2009
8662.232 2017
8662.234 2027
8662.236 2036
8662.238 2046
8662.24 2056
8662.242 2067
8662.244 2079
8662.246 2090
8662.248 2100
8662.25 2111
8662.252 2122
8662.254 2134
8662.256 2147
8662.258 2159
8662.26 2171
8662.262 2184
8662.264 2197
8662.266 2209
8662.268 2222
8662.27 2235
8662.272 2249
8662.274 2261
8662.276 2275
8662.278 2290
8662.28 2305
8662.282 2320
8662.284 2333
8662.286 2347
8662.288 2363
8662.29 2379
8662.292 2395
8662.294 2411
8662.296 2424
8662.298 2441
8662.3 2458
8662.302 2474
8662.304 2491
8662.306 2506
8662.308 2522
8662.31 2538
8662.312 2554
8662.314 2570
8662.316 2587
8662.318 2605
8662.32 2622
8662.322 2637
8662.324 2654
8662.326 2672
8662.328 2690
8662.33 2708
8662.332 2726
8662.334 2742
8662.336 2760
8662.338 2779
8662.34 2798
8662.342 2816
8662.344 2834
8662.346 2852
8662.348 2872
8662.35 2892
8662.352 2912
8662.354 2932
8662.356 2951
8662.358 2971
8662.36 2994
8662.362 3017
8662.364 3039
8662.366 3060
8662.368 3083
8662.37 3107
8662.372 3132
8662.374 3156
8662.376 3183
8662.378 3210
8662.38 3237
8662.382 3264
8662.384 3291
8662.386 3320
8662.388 3349
8662.39 3377
8662.392 3406
8662.394 3437
8662.396 3465
8662.398 3494
8662.4 3523
8662.402 3553
8662.404 3582
8662.406 3611
8662.408 3640
8662.41 3669
8662.412 3697
8662.414 3726
8662.416 3754
8662.418 3782
8662.42 3812
8662.422 3841
8662.424 3869
8662.426 3897
8662.428 3925
8662.43 3953
8662.432 3980
8662.434 4006
8662.436 4031
8662.438 4056
8662.44 4078
8662.442 4100
8662.444 4124
8662.446 4148
8662.448 4170
8662.45 4191
8662.452 4211
8662.454 4232
8662.456 4252
8662.458 4271
8662.46 4290
8662.462 4308
8662.464 4326
8662.466 4343
8662.468 4360
8662.47 4375
8662.472 4389
8662.474 4404
8662.476 4419
8662.478 4434
8662.48 4448
8662.482 4463
8662.484 4476
8662.486 4488
8662.488 4501
8662.49 4514
8662.492 4526
8662.494 4539
8662.496 4551
8662.498 4564
8662.5 4576
8662.502 4588
8662.504 4599
8662.506 4609
8662.508 4618
8662.51 4630
8662.512 4640
8662.514 4650
8662.516 4660
8662.518 4670
8662.52 4680
8662.522 4689
8662.524 4698
8662.526 4708
8662.528 4718
8662.53 4728
8662.532 4736
8662.534 4745
8662.536 4755
8662.538 4764
8662.54 4771
8662.542 4780
8662.544 4789
8662.546 4797
8662.548 4804
8662.55 4812
8662.552 4819
8662.554 4827
8662.556 4836
8662.558 4843
8662.56 4851
8662.562 4858
8662.564 4865
8662.566 4872
8662.568 4879
8662.57 4888
8662.572 4894
8662.574 4900
8662.576 4907
8662.578 4914
8662.58 4920
8662.582 4927
8662.584 4934
8662.586 4941
8662.588 4948
8662.59 4954
8662.592 4961
8662.594 4967
8662.596 4973
8662.598 4980
8662.6 4986
8662.602 4992
8662.604 4998
8662.606 5004
8662.608 5011
8662.61 5018
8662.612 5024
8662.614 5029
8662.616 5036
8662.618 5041
8662.62 5048
8662.622 5054
8662.624 5060
8662.626 5066
8662.628 5072
8662.63 5076
8662.632 5082
8662.634 5089
8662.636 5094
8662.638 5100
8662.64 5106
8662.642 5110
8662.644 5116
8662.646 5122
8662.648 5127
8662.65 5131
8662.652 5137
8662.654 5143
8662.656 5149
8662.658 5155
8662.66 5161
8662.662 5167
8662.664 5173
8662.666 5179
8662.668 5185
8662.67 5191
8662.672 5197
8662.674 5202
8662.676 5207
8662.678 5212
8662.68 5219
8662.682 5224
8662.684 5230
8662.686 5236
8662.688 5242
8662.69 5247
8662.692 5253
8662.694 5259
8662.696 5264
8662.698 5270
8662.7 5275
8662.702 5281
8662.704 5286
8662.706 5290
8662.708 5295
8662.71 5301
8662.712 5307
8662.714 5311
8662.716 5314
8662.718 5320
8662.72 5325
8662.722 5329
8662.724 5333
8662.726 5338
8662.728 5343
8662.73 5348
8662.732 5353
8662.734 5357
8662.736 5362
8662.738 5368
8662.74 5372
8662.742 5376
8662.744 5380
8662.746 5385
8662.748 5389
8662.75 5393
8662.752 5398
8662.754 5402
8662.756 5407
8662.758 5413
8662.76 5416
8662.762 5420
8662.764 5425
8662.766 5430
8662.768 5434
8662.77 5438
8662.772 5442
8662.774 5446
8662.776 5449
8662.778 5453
8662.78 5458
8662.782 5463
8662.784 5466
8662.786 5470
8662.788 5474
8662.79 5479
8662.792 5483
8662.794 5487
8662.796 5492
8662.798 5496
8662.8 5500
8662.802 5504
8662.804 5509
8662.806 5513
8662.808 5518
8662.81 5520
8662.812 5525
8662.814 5529
8662.816 5534
8662.818 5538
8662.82 5543
8662.822 5547
8662.824 5551
8662.826 5555
8662.828 5559
8662.83 5564
8662.832 5569
8662.834 5573
8662.836 5578
8662.838 5582
8662.84 5586
8662.842 5591
8662.844 5595
8662.846 5600
8662.848 5604
8662.85 5608
8662.852 5612
8662.854 5617
8662.856 5622
8662.858 5625
8662.86 5630
8662.862 5635
8662.864 5639
8662.866 5644
8662.868 5648
8662.87 5652
8662.872 5657
8662.874 5662
8662.876 5666
8662.878 5671
8662.88 5676
8662.882 5681
8662.884 5684
8662.886 5689
8662.888 5693
8662.89 5698
8662.892 5701
8662.894 5705
8662.896 5710
8662.898 5716
8662.9 5721
8662.902 5725
8662.904 5728
8662.906 5732
8662.908 5735
8662.91 5740
8662.912 5744
8662.914 5747
8662.916 5750
8662.918 5754
8662.92 5758
8662.922 5763
8662.924 5766
8662.926 5770
8662.928 5774
8662.93 5778
8662.932 5782
8662.934 5787
8662.936 5792
8662.938 5795
8662.94 5799
8662.942 5803
8662.944 5808
8662.946 5812
8662.948 5816
8662.95 5820
8662.952 5825
8662.954 5828
8662.956 5831
8662.958 5835
8662.96 5840
8662.962 5844
8662.964 5848
8662.966 5851
8662.968 5855
8662.97 5859
8662.972 5863
8662.974 5867
8662.976 5871
8662.978 5875
8662.98 5879
8662.982 5883
8662.984 5885
8662.986 5888
8662.988 5892
8662.99 5896
8662.992 5900
8662.994 5904
8662.996 5908
8662.998 5911
8663 5917
8663.002 5921
8663.004 5925
8663.006 5931
8663.008 5935
8663.01 5939
8663.012 5944
8663.014 5948
8663.016 5953
8663.018 5957
8663.02 5961
8663.022 5965
8663.024 5969
8663.026 5973
8663.028 5978
8663.03 5982
8663.032 5987
8663.034 5991
8663.036 5995
8663.038 6000
8663.04 6006
8663.042 6010
8663.044 6015
8663.046 6019
8663.048 6023
8663.05 6027
8663.052 6031
8663.054 6035
8663.056 6039
8663.058 6043
8663.06 6047
8663.062 6051
8663.064 6056
8663.066 6060
8663.068 6064
8663.07 6068
8663.072 6072
8663.074 6076
8663.076 6081
8663.078 6085
8663.08 6089
8663.082 6092
8663.084 6095
8663.086 6099
8663.088 6103
8663.09 6107
8663.092 6111
8663.094 6115
8663.096 6119
8663.098 6124
8663.1 6128
8663.102 6132
8663.104 6136
8663.106 6139
8663.108 6143
8663.11 6147
8663.112 6150
8663.114 6153
8663.116 6157
8663.118 6161
8663.12 6165
8663.122 6169
8663.124 6173
8663.126 6177
8663.128 6181
8663.13 6186
8663.132 6190
8663.134 6194
8663.136 6198
8663.138 6202
8663.14 6207
8663.142 6211
8663.144 6215
8663.146 6219
8663.148 6223
8663.15 6228
8663.152 6232
8663.154 6237
8663.156 6241
8663.158 6244
8663.16 6248
8663.162 6251
8663.164 6254
8663.166 6257
8663.168 6261
8663.17 6265
8663.172 6270
8663.174 6274
8663.176 6277
8663.178 6280
8663.18 6283
8663.182 6287
8663.184 6291
8663.186 6295
8663.188 6299
8663.19 6303
8663.192 6307
8663.194 6311
8663.196 6314
8663.198 6317
8663.2 6321
8663.202 6325
8663.204 6329
8663.206 6333
8663.208 6337
8663.21 6341
8663.212 6345
8663.214 6349
8663.216 6353
8663.218 6357
8663.22 6361
8663.222 6366
8663.224 6370
8663.226 6374
8663.228 6378
8663.23 6382
8663.232 6387
8663.234 6391
8663.236 6395
8663.238 6399
8663.24 6403
8663.242 6408
8663.244 6412
8663.246 6416
8663.248 6421
8663.25 6425
8663.252 6430
8663.254 6433
8663.256 6437
8663.258 6440
8663.26 6443
8663.262 6446
8663.264 6449
8663.266 6454
8663.268 6458
8663.27 6462
8663.272 6465
8663.274 6468
8663.276 6472
8663.278 6476
8663.28 6479
8663.282 6483
8663.284 6486
8663.286 6489
8663.288 6493
8663.29 6496
8663.292 6498
8663.294 6502
8663.296 6505
8663.298 6509
8663.3 6513
8663.302 6516
8663.304 6519
8663.306 6523
8663.308 6527
8663.31 6531
8663.312 6534
8663.314 6537
8663.316 6540
8663.318 6544
8663.32 6548
8663.322 6551
8663.324 6554
8663.326 6557
8663.328 6561
8663.33 6565
8663.332 6569
8663.334 6573
8663.336 6577
8663.338 6580
8663.34 6583
8663.342 6586
8663.344 6590
8663.346 6595
8663.348 6599
8663.35 6603
8663.352 6606
8663.354 6609
8663.356 6612
8663.358 6616
8663.36 6620
8663.362 6624
8663.364 6629
8663.366 6634
8663.368 6638
8663.37 6642
8663.372 6646
8663.374 6651
8663.376 6654
8663.378 6658
8663.38 6661
8663.382 6665
8663.384 6670
8663.386 6674
8663.388 6678
8663.39 6682
8663.392 6687
8663.394 6691
8663.396 6694
8663.398 6697
8663.4 6701
8663.402 6705
8663.404 6708
8663.406 6712
8663.408 6717
8663.41 6721
8663.412 6725
8663.414 6728
8663.416 6731
8663.418 6734
8663.42 6738
8663.422 6743
8663.424 6747
8663.426 6749
8663.428 6752
8663.43 6756
8663.432 6758
8663.434 6763
8663.436 6766
8663.438 6769
8663.44 6772
8663.442 6776
8663.444 6780
8663.446 6784
8663.448 6787
8663.45 6790
8663.452 6793
8663.454 6798
8663.456 6802
8663.458 6805
8663.46 6807
8663.462 6811
8663.464 6815
8663.466 6819
8663.468 6824
8663.47 6828
8663.472 6831
8663.474 6834
8663.476 6837
8663.478 6841
8663.48 6845
8663.482 6849
8663.484 6852
8663.486 6854
8663.488 6859
8663.49 6862
8663.492 6865
8663.494 6868
8663.496 6871
8663.498 6874
8663.5 6879
8663.502 6882
8663.504 6884
8663.506 6888
8663.508 6892
8663.51 6894
8663.512 6897
8663.514 6901
8663.516 6904
8663.518 6907
8663.52 6910
8663.522 6914
8663.524 6916
8663.526 6918
8663.528 6922
8663.53 6926
8663.532 6928
8663.534 6931
8663.536 6933
8663.538 6936
8663.54 6940
8663.542 6943
8663.544 6946
8663.546 6948
8663.548 6950
8663.55 6952
8663.552 6955
8663.554 6959
8663.556 6962
8663.558 6964
8663.56 6965
8663.562 6967
8663.564 6969
8663.566 6971
8663.568 6973
8663.57 6976
8663.572 6978
8663.574 6981
8663.576 6982
8663.578 6983
8663.58 6984
8663.582 6986
8663.584 6988
8663.586 6988
8663.588 6988
8663.59 6990
8663.592 6991
8663.594 6992
8663.596 6992
8663.598 6993
8663.6 6993
8663.602 6993
8663.604 6992
8663.606 6992
8663.608 6990
8663.61 6988
8663.612 6987
8663.614 6985
8663.616 6983
8663.618 6981
8663.62 6978
8663.622 6976
8663.624 6974
8663.626 6971
8663.628 6967
8663.63 6964
8663.632 6960
8663.634 6956
8663.636 6952
8663.638 6946
8663.64 6940
8663.642 6936
8663.644 6930
8663.646 6925
8663.648 6918
8663.65 6912
8663.652 6906
8663.654 6899
8663.656 6893
8663.658 6886
8663.66 6878
8663.662 6870
8663.664 6863
8663.666 6856
8663.668 6847
8663.67 6839
8663.672 6830
8663.674 6820
8663.676 6811
8663.678 6802
8663.68 6795
8663.682 6789
8663.684 6783
8663.686 6776
8663.688 6770
8663.69 6764
8663.692 6757
8663.694 6750
8663.696 6748
8663.698 6745
8663.7 6741
8663.702 6737
8663.704 6733
8663.706 6729
8663.708 6724
8663.71 6720
8663.712 6716
8663.714 6718
8663.716 6721
8663.718 6728
8663.72 6735
8663.722 6743
8663.724 6748
8663.726 6751
8663.728 6757
8663.73 6764
8663.732 6777
8663.734 6790
8663.736 6806
8663.738 6822
8663.74 6835
8663.742 6848
8663.744 6862
8663.746 6876
8663.748 6891
8663.75 6905
8663.752 6920
8663.754 6934
8663.756 6948
8663.758 6963
8663.76 6977
8663.762 6989
8663.764 7003
8663.766 7017
8663.768 7030
8663.77 7042
8663.772 7055
8663.774 7067
8663.776 7079
8663.778 7092
8663.78 7104
8663.782 7116
8663.784 7129
8663.786 7140
8663.788 7150
8663.79 7161
8663.792 7171
8663.794 7182
8663.796 7192
8663.798 7203
8663.8 7213
8663.802 7223
8663.804 7233
8663.806 7243
8663.808 7253
8663.81 7262
8663.812 7270
8663.814 7277
8663.816 7286
8663.818 7294
8663.82 7298
8663.822 7304
8663.824 7312
8663.826 7319
8663.828 7325
8663.83 7331
8663.832 7337
8663.834 7344
8663.836 7351
8663.838 7357
8663.84 7362
8663.842 7367
8663.844 7372
8663.846 7377
8663.848 7382
8663.85 7387
8663.852 7391
8663.854 7395
8663.856 7399
8663.858 7404
8663.86 7408
8663.862 7413
8663.864 7416
8663.866 7420
8663.868 7424
8663.87 7428
8663.872 7430
8663.874 7434
8663.876 7439
8663.878 7442
8663.88 7446
8663.882 7448
8663.884 7451
8663.886 7456
8663.888 7459
8663.89 7461
8663.892 7465
8663.894 7468
8663.896 7473
8663.898 7478
8663.9 7480
8663.902 7484
8663.904 7486
8663.906 7489
8663.908 7494
8663.91 7498
8663.912 7502
8663.914 7505
8663.916 7507
8663.918 7511
8663.92 7515
8663.922 7519
8663.924 7523
8663.926 7526
8663.928 7529
8663.93 7533
8663.932 7536
8663.934 7538
8663.936 7542
8663.938 7546
8663.94 7549
8663.942 7551
8663.944 7555
8663.946 7559
8663.948 7560
8663.95 7562
8663.952 7565
8663.954 7568
8663.956 7572
8663.958 7575
8663.96 7578
8663.962 7579
8663.964 7581
8663.966 7583
8663.968 7585
8663.97 7587
8663.972 7589
8663.974 7592
8663.976 7594
8663.978 7596
8663.98 7598
8663.982 7601
8663.984 7604
8663.986 7608
8663.988 7610
8663.99 7612
8663.992 7615
8663.994 7617
8663.996 7619
8663.998 7621
8664 7624
8664.002 7627
8664.004 7631
8664.006 7634
8664.008 7636
8664.01 7638
8664.012 7640
8664.014 7643
8664.016 7646
8664.018 7650
8664.02 7653
8664.022 7655
8664.024 7657
8664.026 7659
8664.028 7661
8664.03 7664
8664.032 7666
8664.034 7668
8664.036 7670
8664.038 7674
8664.04 7677
8664.042 7680
8664.044 7682
8664.046 7684
8664.048 7686
8664.05 7687
8664.052 7690
8664.054 7692
8664.056 7694
8664.058 7696
8664.06 7698
8664.062 7701
8664.064 7703
8664.066 7705
8664.068 7707
8664.07 7709
8664.072 7711
8664.074 7714
8664.076 7716
8664.078 7718
8664.08 7720
8664.082 7722
8664.084 7724
8664.086 7727
8664.088 7729
8664.09 7731
8664.092 7733
8664.094 7735
8664.096 7737
8664.098 7740
8664.1 7742
8664.102 7744
8664.104 7745
8664.106 7745
8664.108 7748
8664.11 7750
8664.112 7752
8664.114 7754
8664.116 7756
8664.118 7758
8664.12 7760
8664.122 7762
8664.124 7764
8664.126 7766
8664.128 7768
8664.13 7770
8664.132 7773
8664.134 7775
8664.136 7777
8664.138 7780
8664.14 7782
8664.142 7784
8664.144 7788
8664.146 7791
8664.148 7793
8664.15 7796
8664.152 7798
8664.154 7799
8664.156 7802
8664.158 7805
8664.16 7809
8664.162 7812
8664.164 7814
8664.166 7817
8664.168 7819
8664.17 7823
8664.172 7826
8664.174 7829
8664.176 7831
8664.178 7834
8664.18 7837
8664.182 7841
8664.184 7844
8664.186 7846
8664.188 7849
8664.19 7851
8664.192 7855
8664.194 7858
8664.196 7861
8664.198 7863
8664.2 7865
8664.202 7868
8664.204 7872
8664.206 7875
8664.208 7878
8664.21 7880
8664.212 7882
8664.214 7884
8664.216 7887
8664.218 7891
8664.22 7894
8664.222 7896
8664.224 7898
8664.226 7899
8664.228 7901
8664.23 7904
8664.232 7906
8664.234 7908
8664.236 7910
8664.238 7912
8664.24 7914
8664.242 7917
8664.244 7919
8664.246 7921
8664.248 7923
8664.25 7926
8664.252 7928
8664.254 7931
8664.256 7933
8664.258 7937
8664.26 7940
8664.262 7942
8664.264 7945
8664.266 7947
8664.268 7949
8664.27 7951
8664.272 7954
8664.274 7956
8664.276 7961
8664.278 7964
8664.28 7966
8664.282 7968
8664.284 7971
8664.286 7974
8664.288 7978
8664.29 7980
8664.292 7982
8664.294 7985
8664.296 7988
8664.298 7990
8664.3 7992
8664.302 7994
8664.304 7995
8664.306 7997
8664.308 7999
8664.31 8002
8664.312 8004
8664.314 8006
8664.316 8008
8664.318 8010
8664.32 8012
8664.322 8014
8664.324 8016
8664.326 8018
8664.328 8021
8664.33 8023
8664.332 8025
8664.334 8026
8664.336 8026
8664.338 8029
8664.34 8031
8664.342 8033
8664.344 8035
8664.346 8037
8664.348 8039
8664.35 8042
8664.352 8043
8664.354 8045
8664.356 8047
8664.358 8049
8664.36 8052
8664.362 8054
8664.364 8057
8664.366 8059
8664.368 8060
8664.37 8061
8664.372 8062
8664.374 8064
8664.376 8066
8664.378 8068
8664.38 8070
8664.382 8072
8664.384 8075
8664.386 8076
8664.388 8078
8664.39 8080
8664.392 8082
8664.394 8082
8664.396 8084
8664.398 8086
8664.4 8088
8664.402 8091
8664.404 8093
8664.406 8095
8664.408 8097
8664.41 8099
8664.412 8101
8664.414 8104
8664.416 8108
8664.418 8110
8664.42 8112
8664.422 8114
8664.424 8116
8664.426 8119
8664.428 8121
8664.43 8123
8664.432 8125
8664.434 8127
8664.436 8130
8664.438 8132
8664.44 8132
8664.442 8133
8664.444 8135
8664.446 8137
8664.448 8140
8664.45 8142
8664.452 8143
8664.454 8144
8664.456 8145
8664.458 8146
8664.46 8148
8664.462 8150
8664.464 8152
8664.466 8153
8664.468 8154
8664.47 8155
8664.472 8157
8664.474 8160
8664.476 8161
8664.478 8161
8664.48 8163
8664.482 8165
8664.484 8167
8664.486 8170
8664.488 8171
8664.49 8172
8664.492 8173
8664.494 8175
8664.496 8177
8664.498 8179
8664.5 8180
8664.502 8183
8664.504 8186
8664.506 8187
8664.508 8189
8664.51 8189
8664.512 8190
8664.514 8192
8664.516 8194
8664.518 8197
8664.52 8199
8664.522 8200
8664.524 8201
8664.526 8202
8664.528 8203
8664.53 8204
8664.532 8207
8664.534 8208
8664.536 8208
8664.538 8210
8664.54 8212
8664.542 8213
8664.544 8213
8664.546 8215
8664.548 8217
8664.55 8217
8664.552 8218
8664.554 8219
8664.556 8221
8664.558 8224
8664.56 8224
8664.562 8224
8664.564 8227
8664.566 8229
8664.568 8229
8664.57 8230
8664.572 8232
8664.574 8233
8664.576 8236
8664.578 8237
8664.58 8237
8664.582 8239
8664.584 8241
8664.586 8243
8664.588 8245
8664.59 8245
8664.592 8246
8664.594 8248
8664.596 8250
8664.598 8253
8664.6 8255
8664.602 8256
8664.604 8257
8664.606 8258
8664.608 8260
8664.61 8261
8664.612 8264
8664.614 8266
8664.616 8269
8664.618 8271
8664.62 8272
8664.622 8274
8664.624 8277
8664.626 8277
8664.628 8278
8664.63 8280
8664.632 8282
8664.634 8284
8664.636 8286
8664.638 8288
8664.64 8291
8664.642 8293
8664.644 8296
8664.646 8298
8664.648 8300
8664.65 8302
8664.652 8304
8664.654 8305
8664.656 8307
8664.658 8309
8664.66 8311
8664.662 8312
8664.664 8313
8664.666 8315
8664.668 8317
8664.67 8319
8664.672 8321
8664.674 8323
8664.676 8326
8664.678 8327
8664.68 8328
8664.682 8329
8664.684 8330
8664.686 8332
8664.688 8334
8664.69 8336
8664.692 8337
8664.694 8338
8664.696 8339
8664.698 8341
8664.7 8344
8664.702 8346
8664.704 8348
8664.706 8349
8664.708 8349
8664.71 8351
8664.712 8353
8664.714 8355
8664.716 8357
8664.718 8360
8664.72 8362
8664.722 8365
8664.724 8366
8664.726 8368
8664.728 8370
8664.73 8372
8664.732 8373
8664.734 8374
8664.736 8376
8664.738 8378
8664.74 8380
8664.742 8382
8664.744 8385
8664.746 8385
8664.748 8386
8664.75 8387
8664.752 8389
8664.754 8391
8664.756 8393
8664.758 8393
8664.76 8394
8664.762 8396
8664.764 8397
8664.766 8397
8664.768 8399
8664.77 8401
8664.772 8402
8664.774 8402
8664.776 8402
8664.778 8403
8664.78 8405
8664.782 8406
8664.784 8406
8664.786 8408
8664.788 8409
8664.79 8410
8664.792 8410
8664.794 8412
8664.796 8414
8664.798 8414
8664.8 8415
8664.802 8417
8664.804 8419
8664.806 8420
8664.808 8421
8664.81 8422
8664.812 8422
8664.814 8422
8664.816 8424
8664.818 8425
8664.82 8426
8664.822 8426
8664.824 8426
8664.826 8426
8664.828 8427
8664.83 8427
8664.832 8427
8664.834 8429
8664.836 8430
8664.838 8430
8664.84 8430
8664.842 8430
8664.844 8430
8664.846 8430
8664.848 8430
8664.85 8428
8664.852 8428
8664.854 8428
8664.856 8428
8664.858 8427
8664.86 8427
8664.862 8428
8664.864 8428
8664.866 8428
8664.868 8428
8664.87 8427
8664.872 8425
8664.874 8425
8664.876 8424
8664.878 8425
8664.88 8424
8664.882 8423
8664.884 8422
8664.886 8421
8664.888 8422
8664.89 8422
8664.892 8422
8664.894 8422
8664.896 8420
8664.898 8419
8664.9 8418
8664.902 8418
8664.904 8419
8664.906 8419
8664.908 8419
8664.91 8420
8664.912 8420
8664.914 8420
8664.916 8420
8664.918 8419
8664.92 8419
8664.922 8420
8664.924 8421
8664.926 8423
8664.928 8424
8664.93 8424
8664.932 8426
8664.934 8428
8664.936 8430
8664.938 8432
8664.94 8434
8664.942 8436
8664.944 8438
8664.946 8441
8664.948 8443
8664.95 8446
8664.952 8448
8664.954 8450
8664.956 8452
8664.958 8456
8664.96 8460
8664.962 8462
8664.964 8465
8664.966 8469
8664.968 8472
8664.97 8475
8664.972 8479
8664.974 8483
8664.976 8486
8664.978 8488
8664.98 8492
8664.982 8496
8664.984 8500
8664.986 8505
8664.988 8509
8664.99 8511
8664.992 8513
8664.994 8517
8664.996 8521
8664.998 8524
8665 8526